3824
6363
1172
4348
3648
4460
3804
2599
3372
4856
8004
4571
8497
1118
813
9416
9020
5031
7514
1226
1994
1349
1524
2909
3969
8540
2408
3822
589
7427
8785
5464
4261
1199
4498
2934
9934
3793
2119
5368
1189
3684
7048
9838
3672
634
5499
8166
3495
2539
5560
6337
8438
380
1356
4184
2728
7714
2686
9206
3415
4950
6490
2256
3072
5710
2593
7392
8433
2597
4656
8740
387
5552
7465
3375
2338
9257
5597
1978
2019
7710
930
5844
2037
2838
5127
7476
8212
9446
1268
7209
6536
8550
2291
7939
571
7101
8637
7831
4562
1081
6375
7216
9473
5831
9435
272
8775
6612
9572
3517
3095
7546
1472
4442
7978
9209
3803
4951
5904
4871
1010
4396
9832
7534
3653
3459
1223
9932
7609
7680
2739
5787
8411
690
9574
4778
4352
4699
4730
6009
4214
9262
3199
5044
9389
8907
7276
6968
3246
6040
501
4969
5274
8793
6172
7154
5488
9447
779
7366
1107
1845
3252
9498
2756
5682
7469
9113
1066
7095
9601
6213
2617
74
4847
8062
3438
2098
2866
151
4583
9881
3551
1105
5888
2374
1313
2965
7501
1775
9162
2653
5377
2961
7637
3952
9415
6505
5521
8147
9092
4145
1269
1852
538
3767
2935
5344
6729
8723
8063
7060
1477
9495
6142
3481
7735
3278
9252
764
5059
6794
5321
284
5007
708
6316
8483
5132
8299
3745
2313
3597
3834
2250
3339
5926
2567
2497
7401
6666
3494
5561
7173
754
5595
5823
562
8777
893
5810
1429
7282
9646
1441
404
1318
8462
6768
4953
9441
6910
8889
9422
8597
5003
8745
5931
7004
5883
7880
8635
185
5244
6488
3604
7555
2769
7931
7384
9533
8551
6208
4916
1369
4330
7321
1907
3170
3729
1917
4687
7963
4287
7595
8447
9253
5943
1750
1374
1040
8612
7072
3162
9081
7604
4765
9539
3874
3859
1176
7031
5777
4115
4006
6069
2942
5575
226
166
5911
1839
6791
5957
9484
2274
5309
4309
3547
4136
829
4774
6851
6690
8355
2995
5482
7176
1031
7784
6503
5960
3440
3807
3197
6449
3172
5175
736
8200
1074
6549
9672
6877
5009
2481
4124
5006
6210
8025
8633
3736
2404
3051
8786
245
8165
4768
7906
5533
3744
8496
9356
190
3816
9167
9175
9394
970
8673
723
8734
6713
8779
389
1125
413
4924
6906
237
9592
539
4005
9181
4422
250
1157
1878
2123
2216
3106
6253
3171
1823
1988
7107
8758
7788
6416
8789
9939
5046
2323
4091
3
8306
9756
6640
7383
977
199
4589
9889
7562
9902
6
8856
5582
7597
7623
2783
8296
420
4566
655
2319
1102
1799
5784
832
7002
5664
989
4761
6413
7268
1433
5820
4684
7407
4230
2614
6272
9464
3508
1722
1869
5461
3704
4691
6632
6581
7960
8911
2708
1644
6340
6741
1827
7335
9805
8449
3975
1808
582
1627
9568
8268
2666
9732
5104
8151
8814
6760
6708
1966
7673
2937
1484
7112
5835
2774
2371
4373
5958
6671
6222
6512
9002
9688
783
211
8760
7342
1032
6895
1022
33
255
7697
527
4502
9025
8148
5869
876
3468
5855
7114
2945
1339
3428
6656
4337
4946
2177
2610
8720
2936
2701
9177
7767
8120
9147
7403
7873
2669
3217
4404
9514
5578
1707
8727
5605
4430
7251
1517
3292
1867
3387
3608
2603
8493
1646
3542
2477
7841
3678
5872
1983
4029
8697
6659
1690
2551
2649
3045
4484
8116
1059
7062
3306
6650
1522
1960
9468
8226
494
8444
2005
8403
7995
8211
206
7574
719
1056
2185
4180
2870
3259
89
1122
7254
8083
5465
8294
9681
1380
7359
6568
1995
3614
7179
3378
760
2082
1840
9303
6742
1645
9337
9979
6881
9037
9564
2948
7588
6621
2259
7086
9513
4748
2558
1231
8414
2713
2255
242
3594
1591
466
8875
8742
3670
2458
3206
4559
3778
9420
6579
9191
9899
9088
9520
4245
6370
328
5948
8815
2520
7175
1895
6978
4007
9046
9419
4077
4421
2786
9783
6832
5719
9589
2465
3462
3895
1405
5546
8486
1911
7558
5424
6010
880
6927
1228
8020
8183
1678
7879
8518
6501
7871
7628
321
5671
9833
2810
158
7307
2003
3341
1124
611
5623
8399
372
2572
8261
7467
5900
3554
8321
4038
7069
3198
8517
5507
826
4588
3964
1794
6701
8305
2016
6299
4370
1791
4981
4647
8681
4282
6023
2823
7232
98
326
9129
1077
5348
3970
4609
9093
4873
8787
2759
9125
6511
7409
6658
7890
3275
5807
6530
7695
3527
8301
7202
2061
1587
1397
9384
5118
2322
2826
6575
7055
3242
6239
8194
6456
5709
8248
1018
6115
4864
4331
4402
1623
3287
9583
622
9841
6207
3557
9828
2368
9015
2191
2479
7361
6217
9569
1670
9670
9127
3183
9812
7363
7766
4356
3775
8233
2413
1411
5117
4677
8088
5101
5729
4379
4317
461
7502
423
4037
524
7669
7483
1348
992
6281
3005
7785
5123
7649
4918
3848
5451
8388
9887
560
7100
1451
8423
3202
4434
4090
4617
7494
7740
3821
3094
3472
7003
6145
5095
7571
5914
1811
753
7018
7220
9922
8460
76
5356
2362
812
6334
4310
4009
4350
8145
336
2509
6098
8546
1106
8245
1361
6759
3350
2460
699
3757
5394
6679
4438
2974
9552
2069
8392
4492
1685
8683
4822
6273
8223
9255
8941
3040
186
7910
2544
1923
4476
6081
5056
4326
4095
4417
692
1293
9095
5452
3348
4198
1101
2918
9338
3110
4824
7509
8129
8743
9802
2789
3016
1389
1414
9718
1525
5133
8178
8897
2087
9949
6880
8903
7719
9877
1972
2647
3239
9497
4845
3214
6602
8152
9304
5021
9471
317
1360
6958
3049
4933
7582
8978
9528
400
8982
986
875
3100
3933
739
1783
3913
5599
6707
36
2989
6016
1745
2138
3749
4494
6404
5260
5532
8457
2619
4144
8002
4012
3894
7315
6462
4806
21
6956
1575
2396
2462
2013
7723
1724
7689
7463
5813
920
5944
5967
3726
6970
5054
8059
632
6097
4449
8512
2696
5871
2725
6286
2377
1438
197
7510
1362
940
7089
2426
2230
3293
7787
267
3403
5604
4592
7488
3791
3919
4083
9541
2557
1705
7707
5449
7576
5781
7428
8274
8422
5576
8174
6209
5553
4903
8232
2059
1970
914
2165
3983
2288
5885
4277
3701
1473
6105
6180
8671
9636
669
864
3692
2240
2251
9374
5737
777
1814
9077
2068
8406
6249
4769
148
2330
4362
1790
6831
9925
8346
5053
6049
5429
5924
2560
6674
1752
6441
3718
5428
5256
4408
535
2629
4308
4682
6289
117
4306
7854
1496
3449
5162
9078
3003
2387
6268
7238
5767
897
9561
5125
2901
2109
5950
9667
6802
3939
1866
3890
7177
3582
5800
9910
1255
6420
1835
8164
7844
4548
1629
1956
5866
4200
1909
6183
2467
227
35
568
4660
8960
7686
6619
2880
9241
7102
861
1528
3334
9923
9700
7962
6259
4591
7411
4929
3321
1471
9839
4698
7820
1691
3250
1261
3475
9617
6711
1090
9470
1043
2832
2350
4254
8847
7437
3317
429
2630
9871
9073
4205
2480
7325
5711
5366
3790
8039
6547
8275
9515
48
5296
6928
4648
9712
4644
8001
2412
3844
5352
884
995
5227
5019
9577
8620
8428
7188
3400
3295
4477
1113
1229
2142
3309
2678
431
5468
7087
3118
3959
7591
8058
8854
3140
8755
8866
95
2929
5786
143
1404
4194
115
7242
7250
668
9314
3619
350
8043
3454
2641
6864
6592
6769
8542
24
324
6367
9886
3238
3368
3093
9108
9865
7727
5502
7507
3626
5640
162
1946
4650
9310
9151
983
8608
2448
4938
3881
3178
8335
2478
7610
8402
5596
8810
6899
5058
5929
837
566
2297
2441
4859
1300
2622
8526
9445
7237
8997
2186
5843
9676
5484
3838
9353
6495
2627
3123
1660
9605
4187
9099
2054
8222
3021
6635
6162
7203
5506
6038
5535
259
601
8005
2951
516
7965
8417
5634
4212
9316
9727
2304
3703
9645
7073
2553
4233
7343
1560
5363
3575
2655
1706
2939
9594
3526
2663
883
8491
8477
9659
9861
5663
8351
8698
1756
8380
2903
2072
313
2096
5847
1416
8888
9673
600
9527
7515
8035
3837
1847
310
4777
9069
1212
4499
746
7590
2265
8519
4149
9863
6634
7683
1683
1167
5896
4479
9565
9139
3346
7643
1488
6761
6758
745
7865
969
9959
8272
5447
1364
9809
2594
7334
9598
4760
5980
4019
1248
9406
7241
4182
4651
3353
558
697
4689
5898
7030
988
5882
2188
2078
5232
6436
9182
9907
6402
8741
9557
5814
3720
1492
7143
5034
4040
953
2139
862
4930
3289
750
3167
5245
3742
6279
9626
3973
3784
7395
1919
9109
5551
718
5613
6131
9834
5474
4575
2305
770
8921
8624
2546
5567
796
7777
6288
100
2695
9228
5214
8887
8678
1818
301
5848
7726
6807
7818
7876
8636
2849
5456
1734
207
2867
1151
3909
5346
4703
6101
924
1563
1842
8610
1221
7461
5241
3370
2752
8654
4964
4508
1546
6702
5229
3000
7554
8195
5405
2778
8900
9292
5939
2899
6684
1365
7298
1487
6845
4098
5629
2748
7585
4954
4952
7263
2616
9633
7992
5632
9683
3677
5913
6276
3954
6977
9532
7802
2299
8213
7897
3058
4389
6376
6499
1035
2258
8440
1729
8995
9821
5675
320
3426
7390
8271
4846
203
4119
9306
6394
3936
4799
9146
6507
6308
7014
1039
6357
6889
3407
4260
7162
7816
1216
1576
907
7274
7954
656
1639
4516
349
1383
5490
4109
7592
353
5283
8113
2202
5025
3173
9222
4825
1889
6646
2066
19
9652
9179
7301
8161
7344
7426
9239
8384
2007
2331
3817
6244
6833
9103
6554
9492
4564
3416
702
8725
7182
660
9058
1944
6628
3836
4788
1148
7042
4615
9850
2283
6014
3420
7738
1710
7833
4570
3635
8364
1771
5092
7796
7170
8564
6037
1381
1020
3201
2346
2118
1366
9055
2807
2375
8121
6353
7132
6133
9650
5223
3002
2446
6520
7729
7644
2312
9144
6638
9264
1986
5531
2723
6743
7553
4238
3868
265
7010
276
9138
1121
9562
2543
7308
75
3053
8270
2484
3937
6582
4797
9029
4613
9933
6830
8456
5381
6827
9974
4590
7412
5303
9481
392
5765
836
3192
9311
2160
841
5243
4167
7198
6633
6560
620
6792
6079
5093
9986
9305
1110
4544
6351
3125
2366
7812
5389
2589
694
1294
9966
7758
5435
9542
1519
7762
3331
547
9859
6604
200
1924
741
2864
3588
8191
2112
8761
6451
8653
3455
6240
4068
8591
5279
9811
4181
2433
5928
5266
6955
2337
8894
3924
4991
608
85
7050
438
5477
6990
337
7526
4832
1126
7376
7109
9722
1682
8018
6618
8657
5618
5211
6514
1617
7756
7393
635
8150
9823
3244
410
5500
8931
3291
5878
9843
8959
7207
6030
2704
6654
8717
7289
1684
7832
7632
3274
5439
2155
5971
4085
1037
8354
3126
478
7303
6497
3564
2925
7236
8925
1048
7934
8967
7051
2651
8363
8801
949
5463
2618
7313
720
5380
8370
4646
7801
7148
9115
4289
4340
8832
7977
7297
125
9684
1928
263
4349
2801
569
9796
473
6817
1006
5206
1973
6983
1062
6740
6343
282
4128
5308
2148
6140
6173
42
4549
7033
5431
4134
9664
46
934
7214
8508
6064
3691
7692
1075
314
6234
7445
5335
142
5185
9230
2938
8303
5994
943
4517
6136
8962
852
3634
1406
2166
4530
4415
403
9606
9168
7146
4764
94
1545
8176
9434
6651
2045
4082
9383
7654
10
7377
4059
6265
5526
8328
4823
5071
1252
5295
8562
6149
7429
7789
5625
1979
7088
2559
5498
1914
1945
5660
6284
5839
2453
1190
3200
3966
2811
1290
6074
3943
1686
8260
5254
9284
2235
9494
6561
7362
1856
3039
9648
4419
1256
667
9282
2399
590
2535
3048
487
8489
2393
7902
1930
8842
7338
9639
9350
8473
2771
453
1821
6773
2229
5203
1243
2824
6959
2317
4162
4753
6601
7703
3584
8451
3193
6825
5519
5319
3131
6344
1372
9066
9742
62
9953
7311
8756
3430
998
6480
7281
4661
957
9586
932
3731
962
8109
5306
1086
2028
5922
5798
2656
6720
9295
7052
8862
2306
3765
9186
1777
1789
7486
8803
1531
3076
785
6855
1859
5466
3897
9076
1848
3646
5795
4401
6096
1836
677
5036
771
4558
5004
8993
2677
9543
7474
3979
2492
5236
8749
7805
4329
8259
5992
9425
8425
6913
3812
7852
4058
7125
8051
1572
9118
2806
2206
3571
2625
6784
6912
2419
5712
9860
1159
903
1237
47
1129
354
1051
3565
7206
4957
9358
5172
2733
3696
6981
5183
8737
9771
4607
8539
1218
7569
1418
4524
6401
1391
7661
2819
9500
6918
6665
2284
8082
4883
7900
1605
6437
6250
6022
8318
9800
935
341
2730
9330
4854
2009
2491
7795
8676
2956
5249
9026
6492
6647
4840
3650
1143
6544
7608
1146
6969
1604
3087
4948
5472
2137
8770
2875
1164
6313
5242
3112
4176
2266
5402
8421
2967
5384
4545
5877
6412
8133
8541
7464
804
1203
236
6843
716
6095
2287
1239
1430
2751
9480
6944
290
1709
9001
2461
5028
9992
8218
7543
894
2930
4990
9039
9709
7924
5318
6063
3086
2060
2442
7837
5912
7187
7372
3637
5776
6809
3764
6863
2348
4750
2277
4291
1104
6524
1005
2587
6237
1950
459
752
2424
6952
6545
2018
2755
9521
129
1809
5399
2243
202
1513
5830
8736
756
9395
2097
1622
2100
6242
856
297
5020
4696
9894
6193
1677
7589
3254
5354
2062
1537
3261
5780
3066
4849
4020
6900
7043
8800
6475
6365
1512
4579
9398
7181
7712
3829
9342
171
5436
8342
157
7887
1291
8937
4868
5673
5514
9988
926
3406
8446
6588
397
8078
223
2985
790
4064
7905
8766
6466
8721
9943
2731
9163
8290
778
6071
1460
2815
1887
4904
6522
3581
6390
987
2916
6731
1080
9012
4634
3150
840
886
7304
164
3601
2245
993
899
9266
5836
383
8821
2290
2179
9794
7701
3561
3269
7226
5387
7416
8006
3577
563
1264
4837
2418
7753
9223
8626
7291
7672
3476
5838
1661
6204
2447
1060
5297
1900
7039
2828
3991
7415
1916
3395
8853
5743
195
1453
8333
2161
9426
7721
9221
9927
3080
3152
7225
1446
4028
8598
7566
565
9858
5791
8254
9876
1922
8177
700
8450
9998
7328
803
9770
7593
7622
8586
3230
8873
8056
8189
1748
5833
6902
6925
3668
4259
8095
7379
5142
4686
8206
8691
2180
7811
3624
7840
3533
4851
2608
8266
332
3302
3022
7309
5097
7948
1284
4752
2114
1334
1437
7549
1358
5136
3505
4779
7652
1096
8910
4785
8645
3734
1501
4342
1244
248
8994
3987
5201
3351
3180
8443
8242
5108
9507
8066
7070
4714
4624
4935
5679
8906
40
1069
8253
3783
8502
7614
4391
8944
1936
4512
9665
8955
4175
9159
4221
28
1188
1302
1912
5333
2588
381
3145
2787
3397
7930
5811
9454
4756
738
6678
2172
1140
775
1417
4700
2790
6850
6580
7444
2900
4528
8434
8702
1197
7839
5717
1993
3839
4199
172
39
4231
9165
8087
2515
1557
6110
2675
6957
7781
7025
1091
1640
7058
5819
6534
2697
3288
6660
3188
9744
1266
4735
9397
6178
9370
9042
6693
9372
9014
3809
769
5859
9074
8235
3931
1552
230
5047
7794
9848
7611
9052
7617
3525
6350
7481
3111
9525
3099
8323
2127
9436
5598
7568
8677
2242
5489
6418
693
9472
7771
9968
5644
2101
2766
6380
1201
766
8880
8618
9766
7829
1762
7730
9291
6915
3371
2224
5772
6260
2821
7378
2950
7205
8445
5759
6482
3992
2680
3537
1955
936
6485
5615
808
283
5470
1116
1368
4561
9034
1071
1186
9235
1999
6021
4867
8660
9132
4191
154
2320
8072
4294
7853
7783
7333
1890
7625
2429
1145
1154
1316
683
2602
407
726
1668
5397
963
5022
5606
8362
1259
2181
6686
9247
7917
3384
2525
34
2794
1599
640
2792
7670
7169
2917
4745
7830
8570
9921
1612
8442
2674
1155
6967
4000
2343
9061
5589
4503
5287
4393
5255
8783
1024
7619
1479
7370
3392
3324
198
4875
879
5974
311
5771
3927
1475
2381
5116
378
3922
3033
9603
1758
825
1057
7885
1574
5788
5150
6408
5899
3903
1967
3319
2919
6106
7076
8096
6271
5845
9721
1797
7093
2712
8667
8864
6576
3018
7870
3905
9999
113
8560
7765
2654
5257
1130
232
3205
4678
4021
3276
1225
4189
261
4911
5277
688
1502
2270
1592
5057
2720
2182
5443
9254
7759
9402
2124
3490
6493
3225
4386
8117
61
9952
5408
3097
4117
6569
6426
1042
2841
5978
5316
9354
5485
2570
2464
9433
291
87
1941
4595
9947
6929
8484
6439
4976
3491
5935
8413
4489
2952
7398
9214
9687
3631
5884
4121
6051
45
170
3810
7639
8084
4584
1665
4890
5418
5487
4256
6835
928
9774
4208
9891
604
2908
9846
7441
523
5094
5305
6303
1538
2621
7506
370
9836
1178
824
499
367
9957
5879
82
7124
7579
2392
417
3928
8661
3483
7747
6584
9825
9797
9853
8613
7368
8738
842
3075
1162
6960
2506
999
8805
6283
6811
1806
1949
3892
262
9822
1135
1449
6677
6587
3300
1298
7340
9359
7845
3659
1868
1862
5867
3091
1728
4889
8269
239
5892
8844
55
2854
444
1183
9194
5936
1027
4639
2941
3798
1017
5075
3858
2395
8545
5875
4898
6123
1108
3722
3771
4985
8241
7725
8946
2659
3343
1347
7499
8358
1609
5271
2795
3944
6225
9856
2342
3083
3069
3792
5822
7234
1286
2853
2960
1463
3721
5362
1573
2692
8128
1744
7849
8028
8175
4893
8857
3548
50
6146
3314
2090
1335
6160
4787
9423
8136
8140
9298
430
9857
1672
6655
1070
222
493
1666
7706
6127
1267
1874
1058
7438
9331
7306
8049
1637
8350
8181
5790
5793
1669
9661
5404
5988
5324
8675
6411
5156
807
1770
3743
3012
5195
6676
112
2745
8203
7204
7950
1562
6195
7104
8441
421
8930
4452
9403
408
6765
1633
8492
1556
7945
4955
6196
9820
2591
761
5416
9689
356
5454
6920
2644
2845
6988
6489
5064
714
5204
2969
1766
5707
6355
3510
3303
9706
9985
7422
1937
1680
2194
4213
3357
7959
9277
9371
6296
8696
7371
3877
2105
3528
2676
475
6371
8224
9747
4406
1191
8573
1305
6961
9050
1012
5816
6269
3493
7332
1761
9677
8747
5540
2184
9335
5284
3699
463
4815
4909
7386
4172
5572
391
3055
4844
6481
4246
8514
1450
8240
6073
3336
4551
3560
3953
5310
187
7997
3728
4510
4043
5041
7940
201
6484
1036
9225
8208
5616
6692
8735
1547
9344
5212
5462
5938
5683
7803
7098
2510
9990
747
3032
1716
4671
2953
4720
3686
3739
7982
8215
3102
1281
6154
8488
1120
4114
1652
9413
7919
9075
4902
1755
9381
5630
3445
107
5440
2485
3574
5168
1615
9615
6155
3417
3912
8032
1543
5023
3938
7744
8572
1137
9731
8694
9391
5114
6398
9779
5749
435
7926
3151
7443
3248
2646
8003
4015
4424
5612
4163
26
2513
839
1757
5413
4986
6248
8968
454
467
4403
8569
7967
8521
8682
7231
5998
3568
5496
1863
9616
1099
7823
5130
4913
4721
3312
1497
3257
37
9153
9297
3120
1076
8701
2743
6348
5086
9143
2576
4585
204
4509
7894
3283
7397
7913
6486
6897
8280
3709
9941
8699
5508
8563
4655
8292
793
6410
6762
6386
7229
9427
8171
3249
8690
17
4444
1315
1611
2718
7711
4152
3717
8282
6185
3623
1948
306
7541
9607
8338
2902
8311
8909
3556
1826
2334
4304
6849
3882
6669
7195
4643
3958
4458
6425
6295
5081
8349
5637
1704
3284
5789
22
3633
8680
8250
8719
2668
6887
9663
5725
3627
163
3797
296
7741
3945
6382
8320
2017
5441
1307
5627
6381
2884
8021
9536
5341
946
3253
7891
3617
1765
8822
5860
9948
3786
2065
603
9938
1781
5359
2569
9971
3105
9686
6537
9844
6921
2428
8659
8590
3234
6972
5902
2632
7316
2505
1902
6362
8920
6995
8110
515
373
3733
865
8045
3156
609
4164
1654
7278
2388
5222
5544
3901
6573
5151
2376
4659
3818
4252
1542
9045
2609
4057
990
5891
3929
1854
1653
5864
6111
7153
2913
4301
4676
1908
6290
8715
9701
9000
2420
8592
6293
8102
4333
6750
340
8863
8142
4931
8064
4357
3135
2631
7432
7861
4829
9211
1700
1271
5322
6167
8104
7971
235
4636
8143
8138
1776
9693
4321
819
9328
9563
7780
2359
4834
9733
2407
1667
3203
5275
5690
9024
2382
1332
9908
4016
1787
5313
6617
3085
8480
2262
685
3632
7292
5782
7049
9782
4089
5002
1641
7751
7694
3842
3693
4079
5386
4702
8621
3506
3237
5096
871
7598
9739
6387
3886
6941
9654
9351
532
2898
5471
7442
9814
8188
820
3221
3142
3915
5259
6018
7434
6061
5137
3507
1204
2906
5821
4384
4364
5752
9642
1211
3732
6508
781
9829
4906
7675
9954
548
3544
5666
2679
1749
5555
7542
1242
4455
6562
941
4565
5382
1015
6122
488
9309
3497
4327
666
316
6985
3795
9977
68
6636
5857
299
6868
3460
6540
1625
500
4030
1632
6801
2001
7420
109
8312
7492
7103
3084
5590
514
116
2071
3363
361
9318
591
5282
8068
3184
5827
4051
7233
9711
5100
5361
2254
3591
5953
9929
6409
447
3530
7508
4949
2816
3566
4669
8964
3176
9504
6882
5376
2555
2201
617
1850
3307
6143
5628
5732
4610
348
6487
3186
8029
6891
9777
3535
6046
3379
5920
9538
2354
9768
9270
9906
4052
954
7047
5652
3934
1910
3746
3777
155
1278
7394
436
483
4887
3531
6176
4010
6306
7118
5876
7294
2221
6533
3010
868
1727
6516
8848
4816
838
6144
1638
1156
8843
3025
1331
5817
7899
9347
5112
1510
2895
8118
6870
4394
9451
1009
1961
1063
9440
2562
749
1175
2611
7121
7221
3789
695
6304
4034
1403
9094
1092
1097
1503
5982
1506
1624
8878
6364
3524
471
1230
6006
3166
5330
5579
7080
161
2688
4436
8041
6563
9287
3532
5968
5385
1701
9404
9680
7842
7150
3478
6121
8060
5703
6939
192
8794
355
1247
1323
2793
4338
2002
9321
6703
65
8172
6754
5265
3236
4755
5755
6215
3267
8823
7435
6824
455
2738
7270
3589
4928
5403
7475
6002
308
596
5263
4547
2770
4219
4197
8767
5724
7194
5280
9666
5090
7989
7904
5740
4110
4657
7091
8227
6031
1206
8655
8768
643
2596
434
1260
649
3210
134
3235
8464
91
7272
1925
5746
4027
6138
5285
4075
6422
5110
2223
7966
5568
4804
468
8808
160
8627
3068
610
3536
5008
731
1927
4046
7746
7382
9880
4820
5012
9669
4876
2883
9904
3805
1442
9830
5317
7439
3773
3474
7246
2860
9674
8639
6653
1200
2856
4781
9522
2415
6148
5557
4706
6236
4863
5357
605
6400
1657
4003
7763
7953
2134
4725
1588
8532
7991
3054
536
6637
8555
9852
8949
5997
8666
1713
8861
4612
3479
3310
6502
7
9048
8834
1304
2536
2450
6066
9411
767
4826
9972
2402
4855
551
4527
9781
7779
1785
3580
9914
8265
8008
8243
6892
4116
8668
4120
9367
7696
3447
6326
1236
5635
9183
7800
7044
6783
8752
4783
7687
7155
3645
4966
4534
2705
5518
8940
848
8196
6521
1455
5504
1350
4618
3558
1144
1597
2521
3432
1618
2879
2926
2623
4662
1621
7660
2248
1287
2747
6965
4318
437
4359
5564
9457
8234
3320
5656
4066
4485
6186
7140
8731
3041
2328
1753
9288
3674
7635
6962
8991
5927
6103
7490
1207
2276
1521
1812
9245
2435
1554
5143
1600
3592
967
5124
9754
1864
7881
3496
2957
9851
5734
7127
6099
3137
4695
4533
5375
8876
1860
621
4123
5805
4093
7764
3529
335
4371
687
4808
6448
1049
6785
6169
9571
1964
1571
7161
1133
4429
8074
4631
5702
7035
7607
7949
6431
6473
5339
1984
4053
67
3484
4041
4365
7552
3967
902
575
5467
8046
9121
5210
2855
9749
5453
3227
6753
9555
8267
1163
6777
6130
3233
972
860
9375
2246
3195
1977
7135
43
8513
9931
7079
6384
6043
5587
8044
5414
8520
4672
2825
6874
9745
8123
7421
4780
6346
9364
217
3427
3788
1003
7668
4959
3880
7063
6345
9170
5128
2303
5253
1412
2571
7866
6298
446
2406
9516
4186
2893
6192
7404
7824
8774
5603
1000
3240
6538
6417
2120
8192
8674
3759
8634
182
2947
4360
4250
4173
6274
5293
3215
2244
8764
6445
9657
1103
7468
4688
5391
3866
7302
4339
7975
4448
5165
9789
3335
8577
5705
6714
1891
4102
4658
6999
1717
6109
3429
5079
1918
8086
9246
275
2095
1046
233
9059
9216
84
9047
6532
4369
2710
1518
959
5208
294
3037
2403
292
4446
108
3827
3298
5543
8703
3819
3179
5180
3103
7575
1743
4192
374
1262
4680
586
6894
6164
5768
4775
7708
8838
9524
8432
7776
4975
9730
4132
4830
5035
5417
1478
2833
7350
9587
1028
9346
1138
110
4151
1363
7149
3467
2620
2040
8231
9236
6263
4239
8230
1788
1699
5121
6599
4196
8790
5868
7300
4805
9229
8933
7681
8538
8609
178
8469
898
363
1007
9294
4841
3763
8374
2768
6775
7228
8716
2540
51
7337
280
4674
678
1219
4086
2931
8452
5529
5586
8712
6333
1807
4754
3572
5015
9301
4763
9875
6565
8688
2972
1240
6084
1168
2440
7460
8565
4852
8258
5055
5704
4827
1619
4133
1829
123
2791
7815
6652
5372
13
9890
1215
2547
5444
873
8958
9399
7773
6329
6541
2210
8070
8535
244
6354
4255
1254
8836
3856
789
6247
701
9476
9467
4073
8839
3380
3482
5042
3132
1422
1279
6980
9038
1965
4670
6065
1109
642
2135
219
470
9575
9816
6675
8706
1593
3404
6212
3301
8408
2637
8238
7772
1273
3869
7082
7850
776
7858
9065
5178
8026
2173
2638
9566
2683
3413
663
1786
659
5160
5475
4111
5196
5134
6548
3026
5577
9748
3318
4325
3860
6558
5769
2414
6865
1610
3625
2633
2648
6045
2463
8437
7567
140
2487
616
6200
4960
5248
8295
9786
6546
8300
3847
7433
7266
2862
9317
4694
5200
7985
6949
3616
1582
1432
5757
7029
5545
1185
9694
6005
5714
2834
5762
6054
3471
1536
5921
3079
8339
9405
578
1425
7440
2421
1628
4217
1375
4390
7026
6672
3662
4366
4535
3753
7650
1030
1989
4395
8845
4515
8479
9126
5812
3386
3761
9009
1906
2335
1033
908
6246
8092
9274
1544
6032
4418
7414
9409
7627
5643
4812
156
9958
9510
9176
8288
9407
2021
2639
364
1584
5218
1333
7239
9174
6804
2239
1317
5956
5099
256
5192
4532
72
5144
4776
6826
2805
8023
2084
6878
212
7693
2264
8584
4733
4894
6593
8977
6280
7388
6468
8214
3063
639
9382
4920
2660
6911
9845
7318
1696
2516
4705
2010
787
9662
711
7084
8030
3277
4473
7557
2115
4620
86
5401
6369
424
8596
3143
2247
6012
8782
835
3464
9062
6360
5610
8788
1980
580
4907
8337
8557
2055
119
5119
9349
7283
2835
4241
5837
9973
6396
5264
8567
2228
3612
44
3811
7827
6896
1354
8103
6763
4320
7535
5918
5030
2626
6458
5067
2643
5078
5685
9027
3356
6719
7551
7642
6496
8154
3669
5410
9296
4762
4897
7629
8874
4471
7933
5862
9213
5905
6557
3986
9584
2438
9917
7068
4606
9879
3785
6608
9951
981
7961
2108
3451
9334
911
3342
5799
2707
342
5392
9750
5383
9053
4388
5261
3117
5802
9668
4188
5653
510
4880
1047
9164
3981
2457
1737
4323
135
2896
5412
574
9107
5678
16
1940
4451
6591
4067
9629
4925
2721
1401
704
3578
2356
6077
5585
4363
3382
9233
2578
7391
5329
1541
2531
5975
6504
1754
8048
7883
7648
8107
6453
6075
1579
218
8141
5516
5534
2851
2475
8067
5681
5145
5480
1373
269
3500
9827
137
3615
9759
5925
5016
5407
6471
2757
1008
623
4088
1613
88
401
5491
4303
7425
8579
6126
6667
5676
6188
1985
3898
1310
9219
3799
6875
4732
5388
1194
9885
7946
6513
944
9028
1793
5501
9655
5262
1343
8704
7285
9360
1873
2357
3190
1529
2564
6984
3218
3078
802
4054
5063
7115
6403
3652
952
194
8974
964
4381
4596
8765
4129
8465
9916
8366
7743
2293
618
6919
6464
2427
3050
6751
2311
4237
8928
7243
7317
2568
7862
9343
1929
1179
5207
7419
9705
715
3762
4577
2517
2662
6044
541
5542
406
5841
6930
8827
7471
3326
9208
1865
5990
8247
257
742
2990
8625
5947
8558
9946
1620
2466
6135
9807
1959
6886
2286
3304
6810
2151
241
5421
4169
8631
7240
1824
1379
5497
6470
3889
4790
7083
6598
2682
5977
1409
8098
2735
3988
1957
5069
8527
929
1227
6311
5917
2340
7123
9600
8826
7826
3925
2727
4645
3128
4223
5852
7142
304
4726
3857
6368
3831
5996
6330
9719
4598
4529
2035
3305
6181
1982
7020
5949
6932
7893
4008
8361
3422
7993
2309
3286
2604
6716
8972
9140
5554
4307
9033
6500
4743
6221
6223
8629
2353
7065
8112
5105
6235
3687
1192
7728
8404
8122
9831
5693
9678
9965
414
3408
9501
5369
7074
4967
1034
7184
3750
7536
4828
3741
6238
9067
1177
5512
2987
9
486
2657
8942
5611
607
4794
7835
8273
9212
8795
3885
9493
6001
9567
8726
707
673
4621
6987
451
3676
5933
1169
8684
4716
6795
8883
4600
4838
866
1182
9120
2892
1055
6442
8896
8187
4668
333
5563
1419
4800
8155
2132
2474
792
1636
3389
4842
9302
3666
3649
2153
7215
1630
5049
2658
6642
2645
4049
9763
224
5374
5292
7539
5773
188
6734
7166
2519
863
1321
1448
6323
8468
1385
6152
9869
8094
8969
9753
4467
4050
1798
2106
5048
4653
5074
6028
9903
12
5276
3563
5993
281
3694
7491
8947
4917
7119
846
5694
4103
9263
5720
6627
2445
4616
3247
5853
2345
8478
3700
9150
5954
8330
2912
4501
3978
4032
7365
5593
6047
5815
1394
2981
8085
9365
7980
7040
2015
6823
4024
9128
9798
286
7955
2006
2586
7145
748
4433
3586
965
7423
1217
5299
432
3169
958
5748
114
4466
7410
213
6068
2518
2257
1426
8772
1772
5584
1885
2726
5870
1507
6940
9017
3019
1876
279
8547
1469
2999
1567
2904
9872
857
4625
2352
3955
5517
4100
7487
612
8901
7024
3555
1270
1901
664
3189
6764
5073
7284
216
3060
3325
3260
788
4139
7704
5351
8470
4771
9320
1490
2063
4704
4056
9963
1825
8284
956
9558
755
2222
1078
5672
8985
7630
6465
7538
2716
630
6347
1170
7814
5923
8603
6025
4411
7158
329
9438
228
9578
225
7620
9161
8436
8036
2033
8277
30
729
7059
3512
6161
1486
5520
6687
4679
136
10000
4018
2437
9051
8418
6100
5422
8405
6735
7624
2379
8037
9519
1631
8750
1052
9071
1992
6876
1523
266
4314
305
3149
613
3412
8042
2814
9644
8307
9961
6118
1272
4225
2158
1193
7769
4836
5433
6866
9690
111
822
6979
3605
6861
4481
2687
6997
887
1861
5641
3707
5060
733
8623
5420
9714
9610
7733
2703
4537
3993
6255
5365
945
7347
8184
6691
1714
1222
5547
9660
6179
1764
8262
5360
7666
4910
5337
8219
3115
9388
3362
2128
9323
78
5686
7105
2193
8426
7864
933
3918
1616
5619
6639
6203
5239
5742
2039
3724
1675
2975
9378
1292
7015
975
4497
9466
2316
9896
5515
5146
4368
4622
2831
3130
2499
7122
2
8345
727
6159
6266
2584
9319
1954
8286
6798
2398
9780
5198
5617
240
334
3168
8607
2261
6797
2085
5538
2227
2600
7878
2391
3119
7449
7257
5479
4796
8216
2473
1974
4786
105
8961
3714
118
4412
5001
2996
1676
4789
8989
79
4426
1888
482
2471
2533
4222
1470
4553
2732
8505
3207
2775
6820
585
5715
8818
1733
8695
6776
2496
3444
1308
9964
8395
8507
174
2800
4980
4831
1844
9007
3854
6258
4201
1299
5910
3373
927
7792
2030
2315
978
4286
7497
6134
3127
3680
855
5312
251
3024
4693
4405
7793
8510
8711
80
1029
817
2272
8347
1942
6082
7041
950
6424
6996
5199
6745
5697
7797
7584
9487
1464
7417
210
4137
4220
4899
4637
8040
9104
3281
1853
3133
393
1784
4486
8605
594
2351
3671
5026
1569
3808
5989
9101
3220
2043
7774
9570
6218
8458
2390
1913
2226
3501
5209
921
2534
6953
4866
9867
9790
8871
3737
4298
5907
4265
8670
3640
1520
6163
6577
6372
2809
6479
8389
2241
5000
1958
398
4399
4681
2891
3006
1004
3154
106
1933
4978
1181
368
9145
6206
6662
441
3770
2612
3622
3410
3028
2490
5622
830
5045
103
7999
671
7512
7400
9483
8979
422
8383
9063
270
2566
1160
6058
7027
5140
5411
6698
5809
2804
2190
9393
2764
2294
3657
784
5349
9656
2524
9193
6858
9725
8593
5147
2211
7011
6120
2253
8904
449
9250
1289
9289
2029
3663
1452
3520
4344
49
5778
23
405
6616
1935
4206
5442
4915
8365
2298
9142
7964
8578
684
8427
3394
6626
4746
2607
7599
8461
6474
6377
2858
7405
5224
9366
2501
872
653
8523
3503
5674
5747
2498
1773
4154
4242
5288
6419
5961
7677
8397
3073
8601
4125
8965
6174
2968
2011
5723
2341
4055
734
234
2523
9819
2092
2171
5651
2590
3826
8757
5373
1739
9308
7791
2552
128
9261
315
3065
8644
6589
2383
5304
4074
6117
8600
1656
7275
8975
6756
7323
703
9901
5548
5184
4377
7288
8475
8053
674
9376
1796
8090
2698
176
9238
9708
502
5580
5662
92
7998
7222
4708
9396
9169
3174
6916
4447
9286
6515
6821
3365
8126
740
1296
5583
8708
517
805
6251
418
7603
7754
1740
1234
4652
3654
6137
8830
8466
7602
4113
9032
6191
7822
5539
4819
1548
3191
9091
6645
7008
2197
9485
3754
6755
9273
6189
6322
2034
6800
9135
9155
9459
6723
545
5396
7867
4729
6336
409
7056
3989
9461
2081
4563
7843
6989
6607
1671
5756
8718
2522
2740
5291
4378
6747
3204
1658
4013
144
138
6052
6440
5043
8594
5325
6007
2642
555
8159
2459
9866
3228
4572
5343
3231
828
4504
522
3618
765
4346
1021
1938
8097
3418
9870
7836
799
2111
8984
6873
2776
8859
8079
6954
3074
9868
2125
7857
2113
9117
1530
710
5237
2924
2031
2282
7023
3017
3713
2573
2102
3223
3499
1635
7511
6307
2760
6256
396
5607
5153
8561
8340
6571
6219
5645
2143
1650
1837
8641
4122
7928
1421
7653
4025
4811
732
8998
5332
8013
1693
2818
347
8651
3683
8617
5716
9267
2634
691
1232
984
9180
3020
3695
1820
9187
498
3851
3212
7923
7941
2514
7616
4203
352
489
3902
9736
7888
1083
2940
2164
9030
561
3644
9697
9628
7570
7521
6738
7299
8453
4023
2042
3815
9824
8763
9124
979
1851
2869
7748
8554
27
7528
8205
6917
833
3165
7305
4685
4751
1482
2094
4963
4300
5650
5829
5107
7855
4135
7667
4767
4118
5191
1392
5340
3719
8304
7130
9591
4782
9529
8528
948
7457
5687
7312
6535
8010
8595
3211
2289
3961
5154
5448
662
3920
2384
1832
5098
6526
7358
4104
7128
3329
5758
428
4506
8813
1246
971
2582
2394
2373
7134
3391
4269
2389
6090
4232
6472
4096
1241
9924
4443
3359
8153
309
15
5129
8919
3369
6177
6933
3828
7559
4249
8317
7164
6914
4228
9430
9550
4275
7810
1123
1581
6395
4060
5080
9888
3255
5792
3164
3956
3974
6746
4140
1721
4973
6668
9265
3921
8988
5164
9926
9772
1953
247
1462
7096
3138
7126
9006
2279
1780
6625
1719
8902
8632
4996
5985
7647
9160
2156
4392
9955
3541
425
1565
2782
744
4276
1336
415
2168
1892
7296
7399
5445
5739
7537
878
1314
6570
5602
9156
1649
8945
2762
2598
9089
9612
8474
9018
8892
7339
8324
7790
5509
4934
2493
371
2336
6124
7968
3241
2486
2324
7482
4341
9625
6165
2116
9795
9611
2843
390
9769
9930
3697
3740
8638
7324
8204
3376
6614
7770
4332
9746
1275
6744
1370
8773
4435
1198
288
4692
4519
5536
8918
8163
1934
7450
9198
2176
7007
2907
3355
7369
1987
570
3116
7032
2758
521
5887
7287
9942
1114
4984
1447
5614
2636
2057
8648
2606
8831
8602
4993
9982
8344
5941
6214
2914
4302
2321
4017
4063
3015
892
9072
7380
9588
102
7478
7807
8529
5301
2225
6050
9728
7001
2694
1962
7996
874
2744
4947
8662
4475
4888
4601
1342
7280
9443
4171
4552
6903
1493
8371
1527
7550
2979
6600
7684
2529
9272
2091
6543
518
5648
3607
7456
104
9281
3930
1577
20
1991
4521
6201
8722
2672
6230
6704
1555
3682
8302
3222
6469
379
870
665
8912
2652
5965
2689
2327
9036
3673
1094
2910
8872
416
90
7869
654
6455
58
8604
6205
9806
7016
5624
6528
278
3401
3562
8291
4459
8999
9019
6198
6338
1253
271
6166
6094
3982
1614
8382
3007
1277
504
1115
1023
5692
9300
1795
8665
2400
5051
6036
130
9707
7094
5665
2878
5174
220
4461
3835
6816
6572
8781
6151
5955
2615
8576
9111
5722
4568
6663
1939
4884
9630
9244
705
7586
1019
2275
2545
450
5626
8251
7227
3463
6822
6421
2344
1747
9307
8963
7136
7191
2325
5177
9911
724
917
4251
4718
9010
7085
1500
9757
4727
3941
8957
3469
2822
5881
827
5281
2706
3862
780
6035
9256
1480
8599
2802
6555
7956
8448
1341
5398
1763
7513
4292
7345
9460
2046
1586
6197
3523
7005
6556
629
1378
5842
3285
782
5549
4999
6641
339
4153
7163
9632
9919
8769
38
3433
1150
849
2360
2949
3122
8332
3486
2991
8255
8027
2530
6879
4161
3711
8180
9080
8970
7355
260
2314
1468
3665
4772
2038
4507
8879
150
5338
7019
7129
8531
9390
2817
6108
4174
2443
1659
8825
2213
5680
6443
1067
615
9357
3997
7698
713
9735
4295
9474
633
8315
4305
2526
4881
4602
64
6407
3266
844
2169
2857
5419
7448
7314
7071
901
5808
2144
8820
8630
8472
302
2411
7563
8581
1301
7583
821
2410
9049
4343
4555
5088
9593
4143
2537
2192
3047
1778
3431
3685
1180
9631
3134
670
9803
2742
1759
25
772
1877
4728
8700
8869
448
9695
141
7990
9275
1165
5167
345
7466
4701
2280
4858
951
2488
758
1662
923
3596
3613
4879
1002
7522
3716
8225
5371
7360
7561
3272
7760
2423
3344
7199
676
5945
6531
1263
5070
8132
7319
6529
8276
8936
3470
4614
7458
6550
2885
6697
8279
7856
3787
3600
4878
183
7290
133
6088
2876
915
4803
6818
6261
6119
5591
476
3071
5908
2370
3567
2635
472
7834
3366
549
6241
1436
5390
3437
7389
3013
2133
9148
319
6661
4211
3453
7336
9704
543
1399
3872
6156
4375
5897
1337
1494
6113
2714
8182
1893
9326
759
9363
2749
8157
7157
5038
8926
9710
4445
4697
4944
2363
7731
985
3590
1608
1801
9560
3865
7921
2507
1566
7768
52
7615
4215
7896
7662
3539
6460
1915
4001
9621
1792
8575
8367
5077
3738
6231
1439
2126
8943
7739
3299
3813
7914
9348
2208
5832
4358
8156
8073
7373
8287
891
8732
7782
8809
209
9016
1760
8571
1119
519
1014
5562
8076
5233
9506
8207
6042
3667
243
1326
599
4511
1011
4722
3602
682
7265
6724
9883
2203
5328
6285
1061
2268
9096
7159
5469
7078
4385
6644
4666
1689
32
4490
2129
6976
4543
4649
5148
3358
4861
3108
6847
3226
5804
4229
4936
8913
139
300
2207
3871
9740
5029
9582
3436
1297
7248
5654
595
8309
2089
6622
474
5367
6564
7472
7259
587
6872
4525
2454
6975
9339
3181
889
3396
6048
8050
7560
2797
5959
7212
5450
8672
7348
2080
4014
9322
6696
5940
1663
1952
774
4872
7618
546
1093
1214
9131
922
7935
6199
1174
6728
7151
8950
4204
7168
4336
8895
7909
4087
564
9535
4638
8934
3794
1975
6853
5566
7075
6859
3268
330
4491
3059
9956
1309
1467
4560
5659
3730
5601
3316
2719
4965
4423
8285
4312
9325
2796
1384
1896
2927
1708
7633
2563
5492
3209
3333
9188
9105
1526
2850
9691
4717
7640
4860
1871
1443
5138
277
9458
2386
2020
5194
9197
8870
6796
2023
9172
1647
3823
9097
9734
8860
8850
6092
7218
1387
1803
4130
6790
6781
6517
3139
9801
2736
9432
7387
9269
4414
2150
7825
7821
3113
1466
3155
9912
9196
4539
491
3232
1564
1495
6518
8552
4731
5825
2978
7139
3655
6749
2140
7310
9810
2036
4428
8841
7596
7984
9737
1111
1968
6597
6574
4193
9352
8376
8762
2512
8948
9462
3009
7331
3141
2495
6974
6812
6430
375
7947
7828
5173
3251
2012
1100
184
8709
7981
9035
1390
2954
1483
4457
6233
8424
2332
8852
8119
3994
8846
3852
120
7750
1580
6613
7587
2397
179
9531
9410
7942
2252
4456
4550
6086
312
7679
9431
2963
4078
1044
8167
2149
7757
1209
5347
6361
2888
167
2136
9158
7353
2982
2200
8713
7021
9278
3385
6839
1898
6631
7613
496
6182
1152
3755
2117
4266
2970
8927
4712
1718
4372
5890
8022
2269
1904
8341
530
1802
2915
8935
6664
6211
3381
7987
1386
3833
9327
6726
1444
6461
59
942
5187
2234
5455
7626
1257
4895
8658
6519
8246
1288
6321
9054
215
9994
8806
8776
6630
208
2163
606
6187
7111
7877
8664
9387
3390
3279
7752
8643
1703
7000
7424
6076
9530
9259
725
3543
7452
8499
5315
246
7480
4711
5886
7918
7863
6029
1931
5556
8898
8685
7749
6297
9993
735
4901
2788
5530
358
858
3104
5171
5594
9279
3758
1782
5438
8481
5320
3781
6270
5649
3056
4513
5505
1064
3452
6342
1382
3480
9379
1559
8368
721
9679
484
1312
9624
525
9874
9608
512
445
797
2640
9864
1943
323
2302
5102
4586
3219
7516
2162
7655
3863
132
4496
3735
3875
4061
8173
675
9696
2693
3599
8536
1855
7722
1461
9751
7477
8792
8378
4112
4345
8840
3610
5170
1540
8137
3942
5510
8829
4290
5039
3034
4576
6062
189
4243
4
1774
7808
9380
9173
4795
2358
6072
1224
7217
1981
4927
6721
146
8553
7886
8379
5966
31
5541
1434
7573
8992
8052
6374
3688
4297
4713
327
5937
7621
696
485
5014
5760
8197
4870
8080
9980
7846
287
550
8619
6799
5951
5246
4316
5314
557
9324
8125
7208
7646
9005
8476
2877
1880
6171
4288
8893
1476
2409
6682
7196
5494
2685
462
3971
4970
394
1730
4937
9623
6951
426
5699
4033
6312
3446
3727
8326
3609
3070
1147
8471
5481
3638
8693
2310
2971
9149
8707
6946
5027
6856
8375
5231
6539
4376
8686
3185
6008
9086
7451
6428
4664
809
366
9935
3962
5727
365
7498
6391
6125
7462
9031
5522
6730
7682
6890
1427
4736
8360
811
2217
3585
831
6341
4313
8922
9713
2946
598
3345
801
3559
1324
7006
1505
8047
5952
4619
2167
3593
8459
1810
961
9855
1319
2998
4190
5785
5696
3796
1499
9040
2189
5806
1695
8149
9641
6057
982
768
2076
1698
6438
2301
9517
8467
6302
3352
3313
399
1396
4818
2650
2494
7817
5728
5409
2355
8146
4987
8622
8202
7244
4857
526
7976
9726
9778
6991
9079
9544
9854
9448
3349
6867
2183
9064
3421
5406
9340
955
6718
8114
2444
490
7271
1132
6433
8356
2070
6774
9658
6087
8336
2772
293
4177
3109
1833
4546
2579
2022
4160
7269
553
1976
7235
9152
8201
2157
4900
5425
3904
6478
1602
8587
9227
5700
8524
1996
3708
2842
2737
8807
385
8819
388
9785
253
6673
8093
5032
3263
145
1515
4071
757
2852
3175
3710
66
7141
3042
169
9290
4734
2300
5289
9499
7322
6359
9913
9449
7700
709
1741
2041
1053
9401
369
6091
2715
7267
2508
2504
5234
3985
7081
4382
773
5193
4723
7755
1817
7447
2307
3540
5608
8144
5217
338
5005
4253
2542
7108
6620
5962
8353
6778
2722
6294
8015
648
8534
4642
6423
5072
531
7545
1459
7252
7577
9893
4474
3361
1932
4126
1813
6973
3280
4580
1769
2986
5294
4791
5631
4462
9442
2372
7152
9576
4262
5176
1423
8833
3196
4603
4202
3098
2549
5689
1578
9944
9602
3044
8753
7778
6852
9526
1903
9271
9788
4495
7473
1171
8390
2326
2803
1026
2075
2187
2204
3405
815
3840
5473
3923
5863
7612
5620
6291
8835
8692
7446
3290
3760
3374
7532
4630
6314
8799
4633
3243
1692
6332
1359
2064
4335
4977
9699
5238
8952
4518
3965
9477
5706
5779
7847
6055
6399
939
9106
2921
9548
3504
8504
3262
4148
3322
4593
9762
6624
8415
7988
9634
196
5205
6688
9450
6305
1166
3998
906
7875
7745
520
5754
4319
6389
191
542
3296
8966
6610
2665
9518
8054
343
1274
2318
63
8419
3660
5415
3801
7036
9220
3814
9792
4792
7346
6595
2079
6643
8650
2267
7279
6583
7915
3001
4185
4354
3980
5721
5750
8343
1549
5915
762
3159
7600
6936
6202
4138
4480
9455
9787
2780
5969
976
3545
3011
6491
919
7230
9847
9715
1065
8308
5216
2077
973
8849
3264
3161
6844
4567
480
6328
1857
7533
5592
3583
4178
9815
9981
4450
791
3031
9260
8798
4739
8522
1265
8105
8108
2103
1884
5751
5010
6498
5973
8729
5858
1457
7737
816
8816
6945
5228
7364
4520
5011
7375
8398
8293
1249
9905
9928
904
1456
6216
1570
4108
795
9013
9008
1723
2827
7503
6024
264
7636
2417
8289
9237
513
6840
7678
2292
5458
3756
4107
9909
8882
7219
6943
3990
895
8410
9849
8400
6727
8509
9640
4101
8881
9551
2455
6452
4488
4581
7418
3825
7192
6934
1435
6358
360
4941
6104
5258
556
3887
8759
4420
2073
1079
9523
6757
101
7572
5272
5169
6139
7859
6168
2047
5323
7656
3873
2702
3725
3485
2121
3424
8011
2339
5220
8537
8797
2846
4994
3917
4675
2574
3393
8007
1596
6992
2067
9043
9760
1603
6379
4905
881
5828
851
7381
3977
8024
7374
4036
8885
8929
4557
6805
8429
4810
6766
1897
5483
8331
4719
9201
4740
5250
7720
2434
6059
8169
3311
4982
1340
9503
2874
2773
3364
7690
152
4179
7116
6190
9341
5570
5251
1295
7565
1208
7547
5219
4234
8687
7256
9022
4070
4022
4248
3843
9967
427
3273
1445
2859
8016
1926
1328
4044
631
3595
882
2624
9134
5068
619
5726
8244
5240
9826
2178
4608
7605
6331
3999
7022
9818
5037
7606
7113
8549
6463
3611
8746
4166
2847
6848
1731
4267
7530
7189
7799
7705
7868
7713
1454
2746
2977
252
4958
3023
626
4943
2099
5270
9488
1202
2014
2966
4569
2836
2873
5066
3802
2195
3656
4296
443
8199
9573
3067
1822
9738
7908
5893
3061
457
6019
506
7408
8463
8582
7138
377
2997
4945
1184
351
8778
9133
8229
2709
913
5880
7193
8917
7819
9200
8131
3598
7470
5527
2830
8220
6615
8430
3434
1516
9258
9218
7685
3136
7911
8485
5179
4853
3332
9437
7848
3587
2583
1694
641
6083
6388
646
9596
9178
6184
1816
4914
9649
8071
4156
9599
9242
6542
4084
5642
2199
6349
1016
3639
9940
5565
6392
2024
9479
6158
7180
9004
5934
7578
6093
9362
1250
346
497
6102
9761
3935
1800
5358
5638
1905
5050
4942
4862
3698
2684
1601
2592
127
3948
6339
2511
7489
7054
8162
9249
3062
6015
2367
3715
686
5658
6220
3689
7500
1828
9085
3146
7903
5730
8615
8494
8420
9976
4939
2922
1095
7262
3340
636
4956
4002
3435
2958
6267
147
1251
6706
4626
9452
5457
1311
4922
737
3008
6017
8257
5691
7201
3752
3706
4892
9203
7943
6477
9496
6680
9141
8812
9465
4744
8515
6971
9900
4983
7970
6107
7838
5639
8091
5775
909
3088
9915
3354
5763
8506
1894
2670
4278
8956
5017
8867
6112
4157
2308
4813
4094
1352
8034
7131
6966
2452
9268
5486
412
9231
2218
5302
6931
229
7806
3182
6767
1553
5076
4470
3879
4850
8313
8614
6922
6942
9414
2761
4623
2964
8396
9060
3046
9204
4281
6011
4707
1238
5269
4380
6315
6603
4437
4273
2992
9478
6056
5764
3327
5636
4397
9897
7638
2871
5327
4961
7110
6837
4324
3492
2000
7092
7045
6829
6803
834
9417
2456
2472
5103
7974
5979
6128
1395
4413
7013
9619
344
3850
5766
3043
5364
8923
5986
4807
8160
1112
9345
1338
1276
9969
4218
7249
9773
9490
9540
3774
3229
2271
1173
533
4635
1846
2595
1344
8009
1084
6963
7663
5189
2476
7034
1681
4065
8543
2777
4865
1089
7156
554
7356
6567
5083
5141
7504
5267
8019
2601
7261
6888
2214
4798
3748
4784
2205
9808
5342
6060
4322
2361
1514
1355
9408
2083
3194
9995
4374
7178
1998
1153
2889
2729
7171
1558
2837
6003
6527
5459
2585
5667
4353
7413
2263
2048
869
1376
751
722
2988
4758
652
4912
5801
7631
1054
5152
9444
5834
5735
1357
6986
5290
6039
7775
7167
8319
853
2470
4673
5741
492
4165
4874
9675
4605
8170
763
9651
7329
5633
4757
180
4974
845
4416
823
2993
2548
1735
6950
4026
6194
8081
3057
5677
7786
6779
1920
1128
5753
7761
1511
2449
5995
4478
7326
8322
1283
7525
9537
6277
4749
8298
1346
9962
9682
7524
2365
9386
8710
5983
1990
5774
3621
3642
9475
9559
3014
1634
8642
1431
9546
5861
2004
997
8628
7936
9195
2691
2962
8951
6838
3910
8802
3916
289
581
9595
3160
2580
8585
5657
5113
9190
1561
231
577
3443
4940
4817
7634
1883
439
1127
651
2798
29
8516
7531
6335
5085
966
8031
9041
1327
3661
8611
8730
9765
4738
1388
1697
5197
5024
9813
159
2734
2364
6319
8511
3216
9743
9114
3187
5571
2581
1050
2932
9377
8533
9627
1655
9207
9895
4244
1491
9862
4195
2502
1725
6454
386
477
376
7742
3297
4538
4258
3643
3606
4047
7645
4159
7972
2483
4142
5252
7295
9509
7354
7892
5609
2556
7529
9791
9556
7053
2146
4141
4472
1674
806
7255
4921
1117
5528
5278
647
9280
77
7396
1330
7736
1849
7937
1489
1371
8530
8724
3515
9083
8939
4932
9590
295
9752
9767
9878
9361
3441
9418
8385
6752
6252
7979
786
8981
8771
9996
6623
2690
4574
465
7527
124
6114
5670
2980
9184
2436
8252
97
238
6026
9285
8065
2220
3473
6871
83
9439
4155
6325
1732
3347
1673
4483
5478
5400
2170
3308
4263
8310
9098
9469
6683
8891
7925
7320
5733
359
4923
1882
318
9068
5573
9989
1664
3950
5513
4150
249
8589
5525
6590
4224
6901
1779
7505
947
6243
14
8583
8209
9547
2754
7699
322
4611
411
8851
3751
7920
6175
5688
888
9511
2820
3782
5300
3245
2154
6300
6429
2093
3124
800
2894
2152
9975
96
6681
5574
5091
8249
9110
258
4328
9703
552
1282
6232
8669
9692
6670
3064
6378
1534
1736
9185
6459
9369
3030
5120
8855
5761
8297
5824
5684
5122
5334
3147
7273
274
6982
3899
11
6739
4597
9100
2159
5932
4710
7038
7901
7455
9579
1398
2785
126
8139
5493
5161
173
5307
1139
6089
464
9554
3224
6717
5084
2890
847
456
5874
6712
5873
5182
6699
9385
8487
1082
7260
6737
6483
3705
4770
2052
6948
6836
6611
6842
8784
2295
4885
4463
6926
1285
2717
6141
1551
6506
81
6245
657
5268
7496
885
2219
6352
8401
3282
5970
4882
4737
5131
2238
5708
2401
8828
3377
1
6709
9842
9329
2711
6004
1679
9137
5698
2554
2147
205
3641
7581
9429
2943
6132
6373
8646
9215
7907
854
8014
1280
3780
8416
4683
1402
8369
6324
4431
9463
3092
3114
7671
6806
1831
3768
6715
6551
5976
698
6013
7351
4522
573
6157
8057
4833
2285
402
5770
4398
9021
4835
8733
8373
2527
4843
540
5550
8061
9702
460
2886
1969
8359
5158
3712
254
794
6649
7601
193
7952
2699
3035
3458
2088
384
4869
9240
9112
4048
495
2333
4080
3402
7651
2813
3911
6282
8858
912
8391
7994
6905
395
8559
9614
1643
4556
5350
6771
4146
2329
931
5155
8124
9205
2430
8329
8435
1413
6385
4814
3038
4011
8263
5215
3423
3461
4257
4578
6467
3270
534
916
8316
8971
6080
7431
8899
8168
93
8101
3896
8381
8283
7851
7798
3926
5865
1041
867
9741
1400
1834
18
1245
7874
9226
5109
7211
2928
7264
6705
3367
7186
2174
3630
3509
8908
165
53
4035
9804
9671
8221
3883
4355
9090
1474
2278
1838
743
6287
9189
458
1626
8100
4526
7357
2025
1767
5426
5647
7715
910
8884
2532
3315
9011
4989
9937
508
4802
9653
4992
5558
149
4891
8837
968
5298
2451
2503
7860
2237
5794
3569
925
6078
69
3893
2385
1830
3550
1872
3158
4440
6318
2056
7691
6257
4425
3425
6657
7017
54
2058
7664
8886
7973
3907
5701
8953
1187
1815
8796
6150
131
4665
2779
1088
4582
7406
7341
5126
7352
4628
900
5427
2784
3477
9234
7037
5013
3776
4536
3521
362
6862
3853
3679
325
4640
9336
6229
8409
9283
9044
6787
5846
6053
9332
9453
8038
4654
4293
4742
890
2425
2741
9003
5559
9502
5181
2724
1687
2561
6689
7540
5437
7544
442
4283
8495
8817
5089
537
8986
6525
7804
9456
8976
3487
5621
2812
1702
5731
3690
6594
9622
3772
6566
645
8386
5159
1303
168
2104
2405
5495
3081
4629
2923
3538
7732
8780
5
8190
5163
9817
5942
303
6476
3328
7385
9482
9166
5135
1746
2489
4979
6070
3681
2145
4709
2212
1481
6813
6432
4240
5523
2051
3552
6695
6909
2861
3951
3867
99
1428
4542
1235
5537
3906
4216
7174
8106
8407
597
9581
9717
8503
4632
505
5149
4274
7702
6559
3766
6904
6609
1879
4045
7884
7564
8580
331
4158
5213
7286
6789
7657
3830
433
4741
8714
3271
8281
7519
9580
628
1345
9154
3946
5889
4482
1220
2027
3399
3573
1407
6067
3383
798
6309
896
1131
8327
5446
1568
2839
3984
1158
6292
3932
2107
8865
1594
6898
8431
7932
4099
7688
8158
5903
3570
7097
7213
7658
2431
7066
4271
1325
6523
9945
1458
4097
5946
9950
3957
8498
153
2887
5972
2765
7882
3876
419
9251
5370
4554
5738
2840
3636
3884
4432
579
7245
7028
1410
1134
4972
2973
1951
3518
1642
9157
3878
3976
1485
7951
8372
4968
3208
4284
7367
2347
3806
3855
5326
625
2955
5909
7349
7927
6924
4663
8973
5186
3442
7165
3516
8811
6405
3338
7106
8193
3457
2538
307
3029
4410
4069
3553
6860
3101
1589
9123
3414
285
7717
9613
572
2273
4235
8348
650
4441
4573
2008
4106
2911
7436
8905
8679
6447
5600
3888
5188
9424
5695
7247
8186
6444
8099
7077
3995
7197
638
7641
4210
8996
9799
4667
3027
3947
9171
4168
452
9776
8237
1607
3077
9491
9084
3082
3603
8890
4919
2050
3628
509
121
2882
6254
1843
5115
5655
5040
614
6694
4407
6228
2281
9723
6770
41
3576
1377
5849
937
2032
5991
2983
5963
8544
717
8325
3294
5225
9604
4367
7057
8548
6457
7224
9315
8983
9293
1595
2799
6908
9136
4908
2074
8377
9784
6310
1875
4207
728
6736
1583
4454
2110
1498
7144
3940
5981
8264
9647
7495
2086
8868
1415
4264
3488
2236
9313
4072
8987
4541
2215
672
1606
2369
1306
2920
5247
57
5166
7064
5916
3849
6317
56
3949
5311
3963
8198
9882
5511
5378
4409
3004
5061
1085
2863
5503
9486
2196
2868
4690
583
8278
5930
4839
9997
9130
8914
1205
7147
6147
9248
8012
7327
5273
3664
3107
991
5336
5395
7813
6828
5840
5661
7046
2131
2565
559
469
8656
3675
122
6227
6884
5423
9087
7253
3534
2130
4351
6710
1233
5984
5033
8791
3258
1195
7453
1532
7734
2049
7898
5226
2605
6264
938
8616
6772
8217
3647
2380
7137
8689
5111
2848
6509
4031
6938
5345
6725
9764
1720
5524
8055
7402
1804
2468
2984
9057
2482
7133
1408
3409
7523
2881
7716
7922
7485
2767
6000
2664
6964
7674
1068
9609
3870
382
7009
7012
1715
5901
4315
9983
4464
9116
9698
3779
2575
8352
2550
994
70
7518
5393
7484
2661
6170
7548
7872
9333
8439
3153
3089
706
3519
9840
6085
6605
5062
3450
9512
7957
712
9122
6578
3121
4599
8924
5851
1098
1726
4280
8500
4971
1963
5157
7520
3096
4081
6786
6722
8606
8652
7277
3900
9585
2122
6366
7210
7724
9978
9508
4285
9960
6033
9217
6993
1805
3629
3620
7258
8412
5082
5797
2141
481
1141
567
3579
4270
71
1712
4773
8566
1881
2175
5744
273
1320
576
8394
8089
5106
2750
8588
7099
2053
2528
810
4092
4715
8640
7889
8455
3658
4926
5460
298
4311
2681
3157
9755
3360
1539
4170
8000
1509
9549
9534
6857
4848
5052
2469
5434
9775
3144
8739
2296
2700
2808
4183
1870
593
2233
6937
9970
7938
3996
9312
592
9991
2541
1751
8990
6685
4227
1367
4793
8877
6780
7117
8574
877
1001
3411
4505
5430
1045
8568
1420
7459
1508
5796
859
8748
1819
5139
1136
5818
9412
9373
1353
6596
5745
6553
1711
8932
681
3456
8916
1535
8017
3769
4886
6998
5783
8649
4272
7912
4594
4105
1504
9545
7120
2976
1598
7709
6585
2628
5202
9232
4877
1393
4361
4400
3213
1742
6414
3846
6278
9873
4587
2829
8393
181
2500
7330
8938
679
3800
7958
8134
4514
6885
8556
9597
7895
4042
3466
8824
9224
9210
4268
9758
4523
5190
9299
4039
5355
3841
3514
6129
6834
7061
9643
6907
6893
3549
843
3448
8228
7594
3864
7718
5895
588
5906
6819
4801
6606
996
627
4209
4995
2044
3388
1072
6552
8482
2439
658
3832
1997
5856
7185
4347
2673
9243
7517
6782
6629
9428
8111
5087
9192
6788
7986
6869
544
2994
2260
9199
7160
3439
661
479
4427
6226
2763
9635
4604
2613
5736
918
4500
1465
3163
3256
9276
7172
5230
8980
6301
9618
644
5221
9918
8185
5476
5331
9729
6153
528
5569
4131
9898
6356
1590
9102
6854
1258
5668
6427
3330
5018
8387
6793
1424
8915
3960
2865
73
177
8754
4383
2577
7983
6815
3968
1768
3419
9835
6883
1841
7676
9400
6586
3972
3465
8804
1440
1329
3323
4759
2667
6034
1161
9638
2753
3747
814
8256
4127
9920
9892
2422
6748
4540
9884
6327
9355
3820
9392
2231
511
2933
2905
9553
3914
4465
4493
8210
5646
6320
818
6846
8334
9070
3861
8130
4766
9620
1921
3891
60
9368
7809
8
5826
9724
2959
5065
7067
8490
974
7929
1013
7665
221
2209
602
6027
6397
3651
7493
5713
5850
9685
268
5919
2944
6041
9936
8239
2844
6224
5894
2897
2198
529
1886
4531
6406
6510
4997
2349
584
6732
6446
1087
9987
2416
4469
905
1210
3723
7916
503
4299
6383
6116
4247
3546
8647
1688
7556
8314
357
4487
175
3702
5669
6648
6262
9637
4627
689
7200
6434
1213
8236
3052
3511
1533
730
9056
4724
4468
2378
8033
3036
7479
6808
3513
3498
1351
5235
4334
6947
1947
9421
9505
7090
1738
4439
7944
680
4226
6415
3177
1550
6450
4004
4062
9023
8525
9082
3265
5964
850
7223
4962
2432
9716
8127
1038
8705
8501
3845
7659
4641
2232
9837
8454
4821
1899
6935
2781
7293
8115
637
8728
1073
980
4387
6994
8954
7454
1196
1585
3337
4076
3908
7183
5353
4147
4747
5432
9984
3522
4809
9793
8744
9720
5379
8077
5803
1149
8663
6733
6700
214
1142
4998
3398
6435
507
5286
4896
1025
5581
5718
2249
3090
2026
3129
3148
6923
2671
6275
5588
8357
5999
6393
6814
1322
7580
6494
7430
8075
9119
624
4236
9489
8751
1651
5854
1971
6020
3502
8135
4988
1648
960
7190
440
8179
6841
4453
3489
8069
5987
2872
7969
1858
9202
4279
