100
0 5120 5187
1 5253 5183
2 5150 5244
3 5128 5152
4 5167 5236
5 5117 5109
6 5235 5124
7 5262 5102
8 5297 5297
9 5228 5221
10 5144 5270
11 5210 5209
12 5210 5111
13 5147 5244
14 5123 5153
15 5200 5220
16 5131 5274
17 5207 5194
18 5178 5137
19 5238 5205
20 5175 5229
21 5290 5212
22 5256 5223
23 5222 5241
24 5224 5129
25 5229 5295
26 5154 5167
27 5251 5283
28 5158 5223
29 5242 5256
30 2613 2762
31 2738 2746
32 2711 2617
33 2711 2779
34 2670 2676
35 2635 2666
36 2709 2669
37 2611 2667
38 2766 2641
39 2743 2641
40 2609 2656
41 2616 2680
42 2603 2621
43 2799 2637
44 2720 2787
45 2636 2749
46 2673 2649
47 2773 2774
48 2691 2672
49 2795 2675
50 2628 2603
51 2744 2612
52 2785 2760
53 2788 2730
54 2788 2630
55 2735 2753
56 2788 2628
57 2705 2781
58 2690 2655
59 2607 2724
60 1522 1511
61 1387 1356
62 1496 1384
63 1544 1451
64 1530 1438
65 1517 1433
66 1469 1515
67 1423 1373
68 1383 1475
69 1439 1416
70 1503 1499
71 1439 1351
72 1377 1373
73 1387 1548
74 1550 1467
75 1404 1426
76 1526 1406
77 1383 1525
78 1540 1499
79 1431 1494
80 1481 1418
81 1493 1484
82 1431 1542
83 1533 1491
84 1361 1416
85 1450 1489
86 1400 1383
87 1420 1414
88 1499 1487
89 1423 1368
90 127 150
91 195 65
92 85 116
93 13 40
94 16 172
95 42 157
96 58 181
97 77 68
98 168 185
99 17 18
10000
