1000
0 510188 510399
1 510476 510092
2 510366 510390
3 510300 510299
4 510079 510223
5 510078 510050
6 510030 510230
7 510434 510167
8 510301 510072
9 510355 510326
10 510011 510029
11 510485 510361
12 510417 510470
13 510107 510001
14 510091 510497
15 510092 510309
16 510153 510306
17 510263 510004
18 510216 510012
19 510146 510263
20 510306 510200
21 510070 510024
22 510147 510487
23 510184 510117
24 510229 510046
25 510393 510310
26 510100 510192
27 510258 510492
28 510297 510234
29 510024 510430
30 510304 510341
31 510086 510226
32 510033 510007
33 510475 510472
34 510483 510282
35 510405 510193
36 510153 510008
37 510049 510116
38 510343 510121
39 510221 510342
40 510062 510305
41 510248 510417
42 510018 510087
43 510455 510196
44 510130 510092
45 510332 510378
46 510156 510213
47 510261 510104
48 510274 510284
49 510093 510016
50 510485 510422
51 510388 510225
52 510470 510198
53 510448 510464
54 510299 510364
55 510461 510164
56 510045 510286
57 510098 510261
58 510023 510481
59 510163 510423
60 510195 510374
61 510136 510270
62 510415 510294
63 510179 510483
64 510141 510304
65 510272 510138
66 510071 510149
67 510402 510083
68 510038 510008
69 510494 510212
70 510387 510198
71 510100 510147
72 510003 510008
73 510408 510100
74 510354 510356
75 510365 510396
76 510386 510303
77 510038 510464
78 510180 510326
79 510058 510458
80 510432 510426
81 510312 510225
82 510166 510048
83 510032 510186
84 510156 510335
85 510163 510333
86 510365 510296
87 510319 510138
88 510444 510281
89 510237 510192
90 510060 510486
91 510357 510425
92 510381 510361
93 510281 510118
94 510386 510129
95 510247 510021
96 510262 510356
97 510214 510056
98 510013 510220
99 510054 510101
100 510016 510448
101 510319 510238
102 510158 510282
103 510255 510348
104 510454 510070
105 510125 510303
106 510206 510270
107 510378 510102
108 510115 510472
109 510039 510300
110 510145 510348
111 510081 510441
112 510465 510313
113 510405 510148
114 510317 510053
115 510436 510229
116 510402 510110
117 510094 510209
118 510447 510442
119 510270 510163
120 510404 510062
121 510449 510179
122 510160 510454
123 510056 510137
124 510114 510324
125 510214 510001
126 510410 510177
127 510431 510153
128 510004 510083
129 510256 510268
130 510209 510243
131 510112 510347
132 510060 510135
133 510169 510123
134 510472 510085
135 510162 510110
136 510260 510280
137 510352 510202
138 510182 510033
139 510486 510127
140 510482 510124
141 510126 510349
142 510249 510357
143 510151 510075
144 510143 510499
145 510019 510134
146 510305 510489
147 510252 510206
148 510026 510017
149 510140 510173
150 510455 510318
151 510120 510341
152 510073 510266
153 510245 510224
154 510493 510277
155 510122 510297
156 510337 510041
157 510381 510185
158 510119 510122
159 510365 510402
160 510184 510236
161 510317 510492
162 510317 510200
163 510268 510409
164 510046 510400
165 510418 510076
166 510161 510255
167 510094 510348
168 510021 510430
169 510296 510163
170 510339 510111
171 510009 510356
172 510257 510405
173 510114 510175
174 510323 510049
175 510088 510471
176 510346 510199
177 510194 510259
178 510469 510419
179 510069 510338
180 510171 510368
181 510057 510105
182 510463 510271
183 510439 510348
184 510129 510115
185 510330 510088
186 510409 510492
187 510278 510259
188 510265 510131
189 510121 510499
190 510047 510483
191 510449 510280
192 510451 510442
193 510317 510095
194 510170 510140
195 510175 510351
196 510363 510424
197 510449 510429
198 510444 510203
199 510390 510444
200 260322 260426
201 260043 260468
202 260081 260393
203 260450 260335
204 260304 260291
205 260005 260187
206 260051 260471
207 260332 260487
208 260003 260142
209 260081 260153
210 260275 260243
211 260346 260225
212 260326 260498
213 260113 260088
214 260357 260010
215 260119 260247
216 260163 260090
217 260374 260184
218 260325 260373
219 260425 260361
220 260329 260155
221 260285 260272
222 260047 260255
223 260184 260319
224 260133 260126
225 260122 260295
226 260487 260490
227 260197 260244
228 260447 260454
229 260316 260218
230 260398 260176
231 260252 260323
232 260289 260335
233 260247 260433
234 260098 260116
235 260362 260250
236 260141 260287
237 260013 260385
238 260323 260022
239 260089 260498
240 260471 260235
241 260477 260140
242 260458 260442
243 260186 260374
244 260008 260477
245 260465 260166
246 260215 260277
247 260484 260287
248 260482 260491
249 260427 260038
250 260148 260153
251 260193 260096
252 260426 260135
253 260159 260243
254 260085 260187
255 260279 260198
256 260469 260423
257 260349 260466
258 260286 260036
259 260049 260105
260 260308 260336
261 260496 260180
262 260071 260128
263 260260 260148
264 260439 260162
265 260371 260425
266 260349 260069
267 260352 260355
268 260180 260277
269 260147 260149
270 260405 260210
271 260406 260129
272 260434 260306
273 260457 260041
274 260256 260003
275 260251 260314
276 260400 260098
277 260325 260036
278 260351 260199
279 260398 260026
280 260446 260444
281 260169 260014
282 260188 260290
283 260047 260220
284 260290 260337
285 260018 260165
286 260233 260078
287 260272 260491
288 260144 260420
289 260296 260431
290 260016 260126
291 260019 260020
292 260412 260152
293 260181 260269
294 260064 260164
295 260262 260414
296 260385 260136
297 260108 260483
298 260312 260229
299 260043 260422
300 260026 260098
301 260266 260206
302 260271 260350
303 260319 260070
304 260364 260067
305 260488 260485
306 260259 260358
307 260162 260021
308 260398 260200
309 260136 260217
310 260220 260373
311 260040 260126
312 260013 260093
313 260482 260041
314 260418 260215
315 260348 260345
316 260205 260030
317 260087 260458
318 260079 260222
319 260126 260120
320 260275 260047
321 260358 260092
322 260331 260468
323 260140 260320
324 260478 260259
325 260369 260329
326 260278 260218
327 260306 260366
328 260210 260024
329 260124 260284
330 260178 260080
331 260379 260061
332 260008 260171
333 260059 260046
334 260024 260048
335 260021 260156
336 260428 260490
337 260352 260088
338 260238 260009
339 260049 260382
340 260246 260404
341 260237 260174
342 260087 260233
343 260217 260325
344 260200 260025
345 260308 260475
346 260318 260444
347 260023 260131
348 260188 260008
349 260313 260467
350 260252 260251
351 260429 260270
352 260330 260342
353 260082 260308
354 260036 260472
355 260322 260473
356 260014 260434
357 260293 260319
358 260471 260401
359 260288 260339
360 260195 260287
361 260322 260065
362 260230 260406
363 260273 260411
364 260471 260313
365 260194 260411
366 260481 260326
367 260453 260104
368 260098 260137
369 260035 260108
370 260051 260189
371 260010 260020
372 260048 260310
373 260342 260169
374 260036 260328
375 260160 260193
376 260423 260341
377 260012 260171
378 260408 260131
379 260141 260249
380 260060 260347
381 260349 260175
382 260315 260469
383 260439 260020
384 260368 260209
385 260402 260484
386 260142 260274
387 260089 260212
388 260376 260285
389 260404 260288
390 260496 260366
391 260207 260064
392 260187 260126
393 260389 260291
394 260171 260434
395 260466 260281
396 260430 260120
397 260215 260340
398 260376 260370
399 260378 260120
400 135052 135189
401 135452 135268
402 135253 135249
403 135414 135195
404 135161 135149
405 135448 135050
406 135195 135027
407 135006 135480
408 135453 135424
409 135046 135178
410 135160 135479
411 135476 135339
412 135476 135242
413 135287 135247
414 135316 135042
415 135225 135046
416 135147 135302
417 135165 135277
418 135337 135107
419 135377 135474
420 135396 135391
421 135395 135057
422 135046 135466
423 135248 135488
424 135029 135498
425 135275 135028
426 135221 135369
427 135444 135273
428 135176 135353
429 135059 135485
430 135072 135345
431 135381 135419
432 135310 135434
433 135051 135420
434 135043 135214
435 135351 135112
436 135037 135199
437 135411 135446
438 135354 135074
439 135041 135257
440 135043 135117
441 135494 135291
442 135188 135432
443 135186 135441
444 135407 135119
445 135474 135454
446 135494 135296
447 135377 135176
448 135189 135355
449 135042 135241
450 135389 135189
451 135280 135353
452 135213 135125
453 135454 135166
454 135056 135218
455 135247 135127
456 135006 135203
457 135235 135286
458 135029 135371
459 135060 135384
460 135059 135412
461 135325 135373
462 135374 135341
463 135292 135119
464 135482 135201
465 135188 135239
466 135143 135042
467 135435 135265
468 135112 135219
469 135482 135402
470 135007 135489
471 135485 135279
472 135022 135162
473 135446 135022
474 135264 135463
475 135497 135460
476 135037 135127
477 135277 135348
478 135485 135038
479 135262 135084
480 135315 135109
481 135348 135148
482 135228 135498
483 135314 135349
484 135293 135193
485 135451 135369
486 135023 135458
487 135141 135480
488 135476 135029
489 135446 135198
490 135228 135054
491 135311 135168
492 135139 135085
493 135095 135324
494 135232 135195
495 135177 135115
496 135292 135133
497 135039 135181
498 135488 135130
499 135494 135227
500 135350 135017
501 135269 135140
502 135155 135206
503 135407 135302
504 135343 135136
505 135082 135067
506 135456 135039
507 135412 135471
508 135475 135209
509 135363 135291
510 135307 135460
511 135210 135042
512 135467 135439
513 135434 135276
514 135023 135083
515 135014 135206
516 135189 135389
517 135406 135241
518 135494 135493
519 135076 135189
520 135298 135375
521 135191 135197
522 135485 135415
523 135422 135285
524 135420 135032
525 135235 135019
526 135208 135067
527 135137 135007
528 135029 135038
529 135433 135346
530 135407 135268
531 135500 135375
532 135499 135457
533 135278 135293
534 135385 135364
535 135473 135379
536 135425 135189
537 135124 135121
538 135226 135103
539 135065 135126
540 135478 135138
541 135304 135104
542 135115 135440
543 135336 135379
544 135310 135024
545 135180 135135
546 135057 135012
547 135336 135250
548 135261 135239
549 135387 135416
550 135261 135154
551 135427 135409
552 135276 135484
553 135281 135045
554 135439 135396
555 135202 135295
556 135068 135241
557 135015 135211
558 135378 135393
559 135311 135320
560 135353 135403
561 135107 135452
562 135069 135309
563 135008 135491
564 135176 135305
565 135295 135319
566 135197 135278
567 135219 135046
568 135453 135364
569 135175 135274
570 135257 135226
571 135392 135456
572 135199 135149
573 135312 135262
574 135432 135349
575 135475 135399
576 135074 135230
577 135464 135422
578 135247 135385
579 135130 135034
580 135230 135023
581 135491 135311
582 135247 135174
583 135165 135105
584 135317 135290
585 135121 135171
586 135038 135269
587 135065 135231
588 135065 135293
589 135076 135201
590 135070 135349
591 135321 135091
592 135091 135349
593 135173 135206
594 135449 135438
595 135237 135258
596 135334 135487
597 135087 135301
598 135097 135112
599 135021 135411
600 72585 72673
601 72640 72674
602 72589 72516
603 72545 72775
604 72561 72768
605 72731 72678
606 72604 72948
607 72683 72565
608 72752 72666
609 72846 72661
610 72520 72547
611 72900 72741
612 72814 72844
613 72541 72756
614 72937 72579
615 72961 72689
616 72531 72502
617 72639 72935
618 72904 72543
619 72875 72799
620 72593 72994
621 72605 72769
622 72686 72963
623 72743 72619
624 72810 72880
625 72685 72766
626 72732 72861
627 72874 72532
628 72519 72574
629 72627 72567
630 72857 72844
631 72948 72923
632 72756 72875
633 72767 72516
634 72554 72934
635 72724 72678
636 72767 72699
637 72622 72553
638 72635 72869
639 72689 72592
640 72511 72782
641 72662 72921
642 72606 72545
643 72664 72768
644 72560 72617
645 72946 72672
646 72797 72737
647 72840 72678
648 72895 72825
649 72750 72740
650 72544 72793
651 72769 72869
652 72794 72779
653 72873 72794
654 72716 72783
655 72564 72690
656 72642 72669
657 72682 72950
658 72823 72804
659 72786 72623
660 72679 72750
661 72994 72666
662 72803 72967
663 72619 72504
664 72551 72613
665 72577 72683
666 72623 72744
667 72581 72926
668 72594 72544
669 72643 72903
670 72587 72528
671 72949 72922
672 72541 72526
673 72763 72510
674 72706 72849
675 72992 72999
676 72557 72949
677 72699 72788
678 72985 72959
679 72933 72503
680 72909 72988
681 72629 72746
682 72586 72862
683 72835 72911
684 72965 72860
685 72779 72768
686 72786 72739
687 72640 72920
688 72885 72603
689 72594 72984
690 72662 72856
691 72713 72600
692 72754 72869
693 72622 72765
694 72558 72854
695 72806 72884
696 72645 72544
697 72791 72754
698 72578 72967
699 72741 72661
700 72767 72797
701 72526 72685
702 72669 72728
703 72568 72775
704 72532 72775
705 72995 72601
706 72662 72843
707 72905 72544
708 72628 72570
709 72841 72502
710 72881 72559
711 72798 72737
712 72736 72804
713 72706 72898
714 72675 72554
715 72965 72926
716 72916 72873
717 72983 72705
718 72563 72967
719 72866 72996
720 72970 72603
721 72591 72690
722 72534 72964
723 72871 72861
724 72788 72525
725 72921 72891
726 72570 72914
727 72898 72876
728 72601 72900
729 72582 72913
730 72583 72594
731 72908 72618
732 72833 72817
733 72762 72954
734 72680 72659
735 72939 72795
736 72697 72842
737 72909 72726
738 72720 72857
739 72689 72950
740 72732 72813
741 72651 72770
742 72874 72720
743 72752 72789
744 72617 72678
745 72950 72696
746 72692 72766
747 72772 72534
748 72954 72615
749 72813 72772
750 72559 72716
751 72970 72667
752 72814 72866
753 72668 72847
754 72570 72584
755 72898 72940
756 72811 72748
757 72767 72871
758 72947 72787
759 72895 72999
760 72576 72877
761 72656 72854
762 72625 72890
763 72872 72572
764 72517 72603
765 72785 72858
766 72882 72747
767 72939 72878
768 72672 72552
769 72911 72769
770 72556 72690
771 72924 72729
772 72564 72802
773 72699 72752
774 72899 72770
775 72575 72744
776 72615 72705
777 72862 72886
778 72861 72507
779 72821 72800
780 72847 72783
781 72772 72859
782 72626 72800
783 72673 72914
784 72591 72980
785 72955 72672
786 72792 72614
787 72701 72712
788 72732 72644
789 72974 72808
790 72577 72956
791 72794 72570
792 72753 72551
793 72806 72629
794 72510 72864
795 72937 72797
796 72967 72552
797 72783 72960
798 72849 72896
799 72962 72512
800 354 326
801 77 386
802 289 188
803 304 35
804 213 39
805 369 53
806 468 421
807 463 456
808 226 62
809 57 118
810 493 83
811 420 94
812 63 419
813 461 167
814 435 156
815 260 114
816 296 304
817 200 190
818 28 373
819 168 103
820 402 394
821 3 302
822 167 58
823 200 208
824 269 432
825 460 462
826 174 233
827 174 241
828 369 460
829 227 294
830 113 17
831 227 457
832 71 125
833 89 289
834 250 83
835 210 17
836 458 156
837 182 391
838 291 139
839 317 111
840 7 107
841 332 258
842 90 488
843 481 230
844 75 279
845 208 431
846 43 268
847 499 93
848 252 150
849 298 155
850 34 199
851 375 214
852 105 400
853 450 175
854 103 235
855 96 313
856 19 189
857 237 419
858 283 294
859 33 148
860 388 358
861 227 264
862 263 268
863 221 241
864 201 249
865 280 383
866 78 52
867 91 168
868 431 38
869 474 377
870 187 137
871 136 449
872 322 264
873 205 401
874 13 490
875 79 420
876 358 434
877 330 204
878 14 276
879 111 127
880 116 99
881 336 253
882 10 298
883 53 170
884 400 285
885 90 444
886 327 279
887 120 361
888 50 403
889 122 495
890 362 302
891 428 404
892 416 482
893 199 473
894 335 71
895 103 204
896 147 162
897 449 44
898 7 317
899 43 368
900 104 425
901 14 62
902 91 439
903 292 322
904 211 352
905 447 456
906 409 313
907 171 168
908 130 413
909 190 182
910 296 18
911 135 416
912 313 173
913 205 387
914 277 182
915 219 431
916 148 110
917 475 488
918 382 390
919 71 58
920 435 283
921 244 493
922 448 236
923 400 92
924 213 243
925 12 257
926 135 371
927 271 350
928 317 202
929 129 110
930 70 323
931 418 211
932 493 67
933 263 451
934 86 346
935 137 342
936 10 412
937 458 265
938 59 408
939 289 250
940 138 34
941 278 203
942 326 249
943 415 361
944 104 54
945 6 71
946 69 132
947 451 134
948 437 367
949 299 126
950 301 317
951 333 248
952 88 287
953 458 420
954 210 203
955 192 386
956 260 212
957 24 177
958 84 480
959 370 93
960 42 46
961 302 386
962 123 35
963 195 419
964 145 219
965 178 458
966 360 361
967 149 306
968 284 475
969 239 199
970 332 478
971 469 68
972 367 242
973 108 135
974 16 270
975 132 82
976 298 421
977 26 424
978 249 478
979 299 78
980 168 312
981 386 238
982 54 173
983 38 176
984 365 207
985 248 353
986 345 300
987 218 230
988 124 38
989 410 39
990 400 2
991 348 484
992 137 3
993 296 52
994 181 158
995 46 404
996 459 482
997 69 396
998 476 346
999 224 261
1000000
