5000
0 5102770 5102431
1 5101982 5100090
2 5100241 5100359
3 5102629 5104110
4 5100766 5103736
5 5102501 5103928
6 5101281 5103722
7 5102716 5103708
8 5102742 5104506
9 5101129 5100910
10 5100447 5100443
11 5102260 5102258
12 5103867 5104481
13 5103411 5102662
14 5104311 5104670
15 5102270 5101375
16 5102848 5104344
17 5100027 5100109
18 5104373 5103511
19 5102890 5104278
20 5104727 5104015
21 5104459 5102605
22 5103410 5104944
23 5104452 5100106
24 5100968 5102650
25 5104013 5104767
26 5100118 5101642
27 5104603 5101139
28 5103346 5100523
29 5103711 5100977
30 5104830 5104832
31 5102000 5100193
32 5101574 5100128
33 5102456 5103973
34 5101479 5103454
35 5102708 5100882
36 5101466 5101436
37 5101180 5103977
38 5103498 5100500
39 5101735 5104986
40 5102295 5104177
41 5103013 5104489
42 5100552 5102030
43 5102009 5104295
44 5101310 5103860
45 5102994 5103955
46 5104551 5101238
47 5100906 5104947
48 5104933 5103467
49 5103437 5103381
50 5102791 5103800
51 5104710 5100173
52 5103355 5103344
53 5103024 5103208
54 5102026 5102315
55 5102690 5104875
56 5104839 5104699
57 5100274 5101307
58 5104563 5100048
59 5104236 5104431
60 5104766 5104302
61 5100013 5104960
62 5104590 5103314
63 5104119 5103405
64 5102758 5103870
65 5103685 5103659
66 5104682 5103735
67 5101251 5102137
68 5104907 5101172
69 5102790 5100202
70 5102437 5103348
71 5103003 5100504
72 5103014 5101482
73 5103035 5100200
74 5104847 5104930
75 5103100 5102703
76 5101716 5101294
77 5100929 5104733
78 5104385 5104999
79 5104000 5101995
80 5100805 5100946
81 5103701 5102156
82 5103691 5101730
83 5100519 5100953
84 5100770 5101470
85 5100097 5103062
86 5102415 5103038
87 5103044 5102178
88 5103444 5100966
89 5100475 5104399
90 5104589 5101447
91 5100103 5104093
92 5102754 5104415
93 5101577 5101054
94 5102233 5104451
95 5102759 5102616
96 5104792 5100222
97 5100313 5102824
98 5100628 5103871
99 5102135 5102073
100 5100641 5100771
101 5101194 5100298
102 5102030 5102862
103 5101170 5102741
104 5101985 5104313
105 5103771 5103113
106 5103459 5101923
107 5102046 5100457
108 5101560 5103128
109 5104627 5103244
110 5103339 5102565
111 5102512 5103047
112 5101651 5101497
113 5101879 5101114
114 5100745 5104742
115 5104138 5103464
116 5102811 5102313
117 5103564 5100828
118 5103371 5100981
119 5100433 5100702
120 5103271 5102191
121 5103985 5103249
122 5104898 5104933
123 5104899 5100090
124 5103246 5103736
125 5101756 5102828
126 5103125 5101910
127 5104369 5102226
128 5102552 5102840
129 5104338 5104653
130 5101126 5102409
131 5100650 5100154
132 5100430 5100817
133 5103212 5100316
134 5104648 5101114
135 5101496 5101917
136 5100470 5104929
137 5103302 5101385
138 5101305 5103324
139 5101579 5100474
140 5104382 5100123
141 5100275 5102180
142 5101448 5102585
143 5104533 5100512
144 5102749 5101698
145 5101500 5102489
146 5104283 5101285
147 5101449 5104812
148 5103811 5103617
149 5103071 5100183
150 5103241 5101197
151 5104271 5102075
152 5100824 5100072
153 5101525 5102638
154 5100381 5103202
155 5102403 5102981
156 5100426 5102803
157 5102957 5103507
158 5100747 5100292
159 5100379 5103211
160 5103392 5104281
161 5102010 5104329
162 5100133 5102858
163 5101981 5102791
164 5101748 5100025
165 5101544 5100419
166 5100640 5104569
167 5102789 5100282
168 5101051 5103211
169 5100180 5101252
170 5102785 5104173
171 5100060 5101748
172 5103470 5102735
173 5103089 5100457
174 5101991 5102129
175 5104370 5104212
176 5103580 5102722
177 5103119 5101451
178 5103345 5102445
179 5102319 5100010
180 5103448 5104344
181 5100941 5101948
182 5101715 5104749
183 5103431 5103076
184 5100667 5104690
185 5102751 5103268
186 5104755 5102663
187 5100714 5103286
188 5101790 5102712
189 5101247 5104969
190 5100130 5100123
191 5103079 5104215
192 5103204 5103801
193 5103023 5102075
194 5101790 5103073
195 5104880 5103101
196 5100818 5103411
197 5104336 5102287
198 5100737 5102303
199 5100967 5104811
200 5102591 5104962
201 5103219 5100172
202 5101357 5100764
203 5103302 5102343
204 5103271 5102574
205 5102598 5101145
206 5100435 5103641
207 5100616 5103612
208 5103345 5103183
209 5102690 5100601
210 5102134 5103229
211 5103739 5102752
212 5101193 5102522
213 5102000 5103688
214 5101869 5100314
215 5103331 5103911
216 5100707 5103918
217 5104868 5103022
218 5100454 5104392
219 5103486 5103899
220 5104204 5104637
221 5101344 5103510
222 5103764 5100042
223 5102405 5100740
224 5104865 5102845
225 5104366 5104315
226 5102731 5104451
227 5102237 5100267
228 5104099 5100405
229 5101041 5102635
230 5102750 5102983
231 5104724 5101229
232 5100749 5104453
233 5104094 5103331
234 5104006 5102063
235 5103546 5104305
236 5101290 5104824
237 5100672 5102751
238 5104197 5101894
239 5104996 5100794
240 5101220 5103909
241 5101844 5101836
242 5100917 5103209
243 5103355 5100995
244 5104103 5104514
245 5103454 5100062
246 5100070 5104693
247 5102584 5101128
248 5104546 5101686
249 5101916 5100604
250 5101418 5100502
251 5100002 5102620
252 5103768 5104207
253 5103395 5100354
254 5103038 5100256
255 5102933 5101158
256 5102154 5100889
257 5101148 5100349
258 5100673 5103278
259 5104086 5103161
260 5102493 5103372
261 5103769 5103174
262 5100067 5103254
263 5103665 5100756
264 5100812 5101350
265 5104162 5104955
266 5104813 5104490
267 5102157 5100565
268 5103735 5101792
269 5104601 5100796
270 5100947 5103765
271 5102422 5102119
272 5100704 5104709
273 5103686 5101821
274 5100655 5101421
275 5102912 5100554
276 5102674 5104446
277 5103918 5102373
278 5101871 5102468
279 5102036 5103484
280 5103321 5101126
281 5100824 5102220
282 5103683 5102031
283 5104518 5103774
284 5101286 5103662
285 5103541 5103223
286 5102644 5101696
287 5100523 5102029
288 5103658 5100114
289 5104932 5104569
290 5101148 5101013
291 5101072 5101681
292 5103436 5104879
293 5101441 5103324
294 5102399 5104995
295 5104442 5103540
296 5103735 5101491
297 5104419 5100998
298 5100273 5102119
299 5100979 5100398
300 5104272 5102651
301 5104789 5103698
302 5103785 5100655
303 5102657 5100241
304 5101901 5104979
305 5102679 5103020
306 5101020 5101213
307 5100501 5102349
308 5104902 5102332
309 5100581 5101557
310 5103612 5102799
311 5103885 5102921
312 5104952 5103331
313 5100848 5104284
314 5101667 5104974
315 5103513 5101365
316 5104860 5100605
317 5101913 5102213
318 5103455 5102552
319 5102117 5103846
320 5101301 5104052
321 5100661 5102567
322 5100500 5104154
323 5104074 5103015
324 5103450 5103584
325 5104527 5103926
326 5101250 5104890
327 5104366 5102762
328 5103002 5102804
329 5102484 5100948
330 5102135 5102386
331 5103946 5101441
332 5101401 5102853
333 5102426 5103046
334 5104001 5102518
335 5100572 5101696
336 5100262 5104237
337 5102463 5101148
338 5101709 5103076
339 5101347 5100829
340 5101278 5104312
341 5104093 5102279
342 5102276 5101753
343 5102999 5104176
344 5101163 5102444
345 5102755 5104708
346 5100264 5100174
347 5100608 5101422
348 5104298 5103157
349 5103245 5101924
350 5103053 5101903
351 5103076 5100357
352 5100765 5103921
353 5103922 5102952
354 5100539 5100639
355 5100255 5103597
356 5102248 5100068
357 5103271 5102491
358 5102920 5101180
359 5100961 5103547
360 5102834 5102931
361 5104308 5100259
362 5100853 5100724
363 5102937 5103935
364 5101770 5103228
365 5100008 5103390
366 5101521 5101730
367 5103986 5102044
368 5101631 5103974
369 5102423 5100455
370 5104280 5101938
371 5104419 5103889
372 5101760 5101845
373 5104715 5104157
374 5102696 5101808
375 5104232 5104080
376 5100957 5101986
377 5103111 5104776
378 5104393 5102379
379 5102078 5100635
380 5101751 5102255
381 5102819 5103847
382 5104058 5104685
383 5103904 5104066
384 5104100 5102838
385 5102354 5104953
386 5102199 5103754
387 5102654 5101282
388 5102290 5102239
389 5104932 5103806
390 5104713 5101169
391 5104969 5101252
392 5104104 5102173
393 5103688 5100112
394 5100058 5104695
395 5104025 5104436
396 5104452 5100788
397 5100970 5102329
398 5102571 5101409
399 5103667 5101162
400 5101436 5104548
401 5100007 5102336
402 5103547 5104487
403 5100434 5104670
404 5103743 5100738
405 5101807 5100287
406 5103052 5101771
407 5104330 5101237
408 5103432 5103800
409 5100605 5104707
410 5103408 5103764
411 5102728 5102578
412 5103443 5100326
413 5103526 5102474
414 5102367 5100414
415 5100857 5100305
416 5101720 5101986
417 5103600 5104269
418 5101337 5105000
419 5102168 5104674
420 5104691 5102123
421 5100625 5100092
422 5104551 5103774
423 5102894 5103317
424 5101471 5104679
425 5104413 5103446
426 5104694 5101931
427 5100695 5104801
428 5102564 5101381
429 5100466 5104001
430 5104083 5101270
431 5102924 5104558
432 5103873 5102532
433 5102557 5104526
434 5100355 5101074
435 5103629 5100620
436 5100499 5104725
437 5101806 5104470
438 5102812 5103363
439 5100370 5102508
440 5100452 5104760
441 5104525 5100890
442 5104910 5102279
443 5100750 5102159
444 5104408 5101333
445 5101568 5100055
446 5104548 5104493
447 5102150 5102476
448 5100444 5104050
449 5102425 5103789
450 5102320 5101758
451 5103214 5101028
452 5104033 5101341
453 5104958 5102951
454 5101777 5100377
455 5100443 5101278
456 5103098 5104943
457 5104960 5104639
458 5104094 5101106
459 5103855 5100670
460 5104683 5103025
461 5100615 5100193
462 5100959 5100806
463 5101666 5102607
464 5103037 5104381
465 5102024 5102419
466 5104591 5102700
467 5101688 5103366
468 5102796 5103908
469 5101614 5100534
470 5101618 5103370
471 5103842 5100376
472 5103246 5102289
473 5100074 5101339
474 5103579 5104174
475 5101844 5103749
476 5100537 5101855
477 5101132 5104641
478 5104407 5104660
479 5101024 5104888
480 5100781 5103908
481 5101652 5104249
482 5100631 5103905
483 5103651 5104343
484 5104180 5103250
485 5104973 5102924
486 5101308 5104713
487 5101926 5102811
488 5104469 5104427
489 5103430 5103811
490 5102149 5101820
491 5102967 5103054
492 5103777 5100576
493 5100188 5102641
494 5100261 5104661
495 5104467 5102002
496 5104423 5102802
497 5101976 5101858
498 5102956 5104004
499 5101252 5104968
500 5101023 5102059
501 5100415 5103728
502 5101081 5102249
503 5103666 5102482
504 5100110 5102831
505 5104628 5101424
506 5101754 5102740
507 5100648 5100385
508 5100159 5104128
509 5103485 5102802
510 5100882 5102644
511 5100829 5100393
512 5103372 5103215
513 5104549 5102721
514 5104256 5104662
515 5100422 5104081
516 5103835 5101779
517 5101722 5100315
518 5103927 5104392
519 5100185 5104535
520 5101094 5102334
521 5102903 5103801
522 5104027 5103003
523 5104948 5104656
524 5103205 5102138
525 5103931 5102089
526 5102750 5102427
527 5103680 5101730
528 5101643 5102539
529 5104166 5104778
530 5100005 5101091
531 5100028 5101096
532 5100783 5104650
533 5102061 5102495
534 5103297 5102428
535 5101272 5101892
536 5100893 5102325
537 5104282 5101669
538 5101226 5100755
539 5101187 5101186
540 5104838 5101935
541 5102499 5101666
542 5100286 5103052
543 5104417 5100271
544 5104055 5102799
545 5101963 5102742
546 5103756 5102570
547 5104860 5103455
548 5101579 5104391
549 5103249 5101800
550 5104226 5104192
551 5104613 5100019
552 5104693 5104708
553 5104677 5101629
554 5101502 5102685
555 5103394 5100829
556 5103499 5100643
557 5103551 5103604
558 5104894 5102527
559 5100451 5101559
560 5102733 5101086
561 5100073 5103761
562 5102627 5101825
563 5100693 5103882
564 5101578 5103171
565 5100214 5101055
566 5101158 5104482
567 5102337 5102781
568 5100503 5101334
569 5103931 5100392
570 5102670 5104510
571 5103934 5102654
572 5102584 5102802
573 5100093 5101382
574 5104045 5103561
575 5103395 5103496
576 5100230 5101615
577 5101273 5100671
578 5100509 5100677
579 5104477 5102429
580 5102509 5102274
581 5102707 5103112
582 5101901 5102828
583 5102902 5102952
584 5103498 5104902
585 5100009 5101801
586 5104606 5104778
587 5102639 5101224
588 5100793 5101859
589 5100119 5104156
590 5103163 5101431
591 5103903 5102484
592 5103849 5103626
593 5100098 5102536
594 5100470 5101270
595 5103755 5104487
596 5103361 5101261
597 5103219 5103586
598 5104716 5104108
599 5104288 5101749
600 5103722 5103264
601 5104311 5101576
602 5103790 5102924
603 5103164 5102026
604 5104322 5101523
605 5102821 5103054
606 5100515 5104528
607 5100873 5104408
608 5102450 5102082
609 5103142 5102153
610 5100088 5104385
611 5104264 5102048
612 5100215 5104314
613 5101405 5101560
614 5104114 5100590
615 5104135 5102614
616 5102302 5103044
617 5104052 5104184
618 5101582 5100150
619 5104576 5101802
620 5100558 5100379
621 5101585 5102177
622 5103934 5102653
623 5102131 5102103
624 5103537 5102619
625 5102814 5103776
626 5100281 5100650
627 5104927 5102990
628 5103402 5104337
629 5104148 5101513
630 5100274 5101528
631 5101706 5100032
632 5100911 5103539
633 5103598 5100327
634 5101511 5101731
635 5102116 5104395
636 5104750 5100535
637 5103554 5102595
638 5103749 5104472
639 5104615 5101481
640 5103377 5102575
641 5103828 5101461
642 5103049 5102036
643 5104679 5103652
644 5102737 5103730
645 5102367 5103491
646 5104886 5102532
647 5103826 5103958
648 5101893 5101779
649 5101938 5101754
650 5103210 5103418
651 5102870 5101124
652 5101442 5100998
653 5103331 5102230
654 5102153 5103611
655 5103289 5102161
656 5102771 5104026
657 5101382 5101326
658 5103851 5103165
659 5103730 5100464
660 5104996 5100834
661 5101431 5100762
662 5104027 5103376
663 5100522 5102734
664 5100418 5103057
665 5103565 5103507
666 5103531 5104798
667 5102822 5101948
668 5103997 5104397
669 5102845 5101902
670 5104437 5104340
671 5103350 5100006
672 5101156 5101257
673 5103113 5104927
674 5102613 5103178
675 5101666 5103026
676 5100435 5102606
677 5104604 5101611
678 5101802 5100147
679 5101313 5100346
680 5102238 5101980
681 5101839 5104296
682 5104956 5100947
683 5101217 5101463
684 5101635 5101484
685 5100190 5102497
686 5101144 5104810
687 5103407 5100640
688 5101556 5104949
689 5101886 5101908
690 5103286 5101946
691 5100354 5101319
692 5101706 5100453
693 5104660 5101619
694 5102598 5103543
695 5101892 5104961
696 5104926 5104756
697 5100124 5101568
698 5103651 5100974
699 5102325 5102478
700 5100439 5101439
701 5104825 5103144
702 5102435 5103895
703 5100555 5100387
704 5102222 5104249
705 5101543 5101101
706 5103638 5102617
707 5102391 5100462
708 5100955 5101913
709 5103260 5103497
710 5103479 5104357
711 5102458 5104832
712 5104777 5102077
713 5104476 5103271
714 5104419 5102532
715 5103497 5102075
716 5101766 5104944
717 5104801 5104858
718 5104162 5104723
719 5100203 5102180
720 5102080 5103752
721 5103779 5102148
722 5103579 5100140
723 5103563 5102735
724 5104239 5103417
725 5100901 5102267
726 5100567 5100377
727 5103081 5103059
728 5104999 5103325
729 5104764 5104513
730 5102626 5104381
731 5102247 5103622
732 5102541 5103341
733 5100845 5103402
734 5104825 5102590
735 5104722 5100957
736 5102862 5100677
737 5100140 5102156
738 5102580 5102003
739 5104379 5104555
740 5104464 5101555
741 5104550 5103116
742 5100600 5104177
743 5100426 5100055
744 5104607 5100847
745 5103813 5100983
746 5102864 5103261
747 5100109 5102630
748 5104766 5103213
749 5101069 5100595
750 5101687 5100961
751 5101315 5102920
752 5102454 5103170
753 5102726 5101280
754 5104882 5103225
755 5101807 5101331
756 5104121 5102694
757 5103127 5103987
758 5104268 5100761
759 5101756 5102161
760 5102113 5102899
761 5104933 5104336
762 5101652 5102169
763 5101706 5102547
764 5103483 5103139
765 5104637 5104417
766 5103712 5104621
767 5100927 5100416
768 5100902 5103310
769 5104158 5104672
770 5100881 5103067
771 5103703 5104221
772 5100976 5100686
773 5103307 5101062
774 5103293 5103384
775 5101092 5102500
776 5100681 5102329
777 5103631 5100076
778 5104985 5101557
779 5101965 5100687
780 5103035 5104129
781 5100801 5104697
782 5103002 5103653
783 5100665 5101683
784 5101805 5102053
785 5102975 5103717
786 5100414 5104529
787 5102735 5102296
788 5102682 5100692
789 5100966 5102146
790 5100506 5102242
791 5100429 5100867
792 5100126 5104913
793 5104883 5102817
794 5104771 5103982
795 5103973 5102587
796 5103637 5103650
797 5101905 5104744
798 5104214 5102750
799 5102554 5102246
800 5103908 5101653
801 5101237 5103572
802 5102768 5101972
803 5100010 5100939
804 5100282 5101083
805 5103465 5104149
806 5101987 5103257
807 5104495 5100514
808 5100448 5100332
809 5101117 5103019
810 5101967 5102612
811 5100633 5101288
812 5102575 5103177
813 5102255 5101958
814 5103939 5104677
815 5100934 5104613
816 5101188 5103530
817 5102864 5104707
818 5102811 5103892
819 5104303 5103910
820 5102825 5103378
821 5101273 5102633
822 5101297 5100404
823 5104115 5100044
824 5103920 5102862
825 5102779 5100071
826 5102011 5104735
827 5101552 5103434
828 5104826 5101902
829 5104873 5101580
830 5102819 5103771
831 5100591 5103977
832 5101518 5103300
833 5101702 5104083
834 5102201 5102899
835 5101915 5103254
836 5101548 5103642
837 5104083 5103039
838 5101860 5104384
839 5104080 5104094
840 5103319 5103763
841 5104517 5103608
842 5101872 5104498
843 5104804 5101823
844 5101130 5102763
845 5100446 5104978
846 5103067 5101407
847 5102810 5102387
848 5103391 5103165
849 5100703 5102350
850 5102723 5104294
851 5102056 5100049
852 5104865 5102360
853 5100164 5101605
854 5101665 5100519
855 5101448 5101453
856 5100695 5102835
857 5100008 5104111
858 5101947 5104317
859 5104404 5101936
860 5104467 5101237
861 5103989 5100347
862 5100886 5104125
863 5104433 5104693
864 5102325 5102261
865 5100807 5103383
866 5100252 5102557
867 5103340 5101295
868 5100176 5103026
869 5104622 5100597
870 5100221 5104611
871 5103892 5103228
872 5100837 5104135
873 5101353 5103547
874 5101079 5102621
875 5103037 5101355
876 5102502 5103951
877 5103486 5101666
878 5104467 5100438
879 5100258 5104401
880 5103606 5103303
881 5102373 5103897
882 5100948 5104862
883 5100417 5103976
884 5102978 5100431
885 5101078 5100820
886 5104032 5104052
887 5101947 5102980
888 5104555 5100511
889 5103417 5103582
890 5101689 5100186
891 5104827 5102745
892 5100451 5102876
893 5102501 5103984
894 5102558 5103618
895 5103302 5103406
896 5102673 5102799
897 5102639 5101591
898 5103894 5102087
899 5104719 5102879
900 2600305 2600156
901 2602968 2603217
902 2603538 2603096
903 2602073 2604000
904 2604197 2600389
905 2603292 2601475
906 2600447 2601099
907 2600481 2602724
908 2602470 2604999
909 2603752 2600356
910 2604621 2601780
911 2604393 2604412
912 2600131 2600961
913 2600711 2602149
914 2603886 2603946
915 2600980 2600407
916 2604723 2604933
917 2600810 2602487
918 2604528 2602102
919 2603984 2602073
920 2604165 2604902
921 2600076 2600814
922 2602884 2602624
923 2603709 2604263
924 2602259 2602755
925 2603720 2603064
926 2604795 2603780
927 2602693 2600794
928 2600367 2601809
929 2602427 2601055
930 2601885 2601871
931 2601860 2600448
932 2602611 2602873
933 2604627 2603609
934 2600806 2600318
935 2602382 2604033
936 2604499 2604090
937 2600284 2600099
938 2602762 2604394
939 2603358 2600050
940 2600061 2604485
941 2600653 2602232
942 2603407 2601169
943 2604384 2603968
944 2600769 2601416
945 2601484 2600629
946 2603936 2601236
947 2603829 2603928
948 2600235 2603525
949 2601814 2601818
950 2601743 2601119
951 2601471 2602635
952 2602379 2601883
953 2601124 2600782
954 2601228 2604189
955 2604799 2603103
956 2600030 2602327
957 2600920 2602053
958 2601478 2600277
959 2601205 2603201
960 2602336 2600636
961 2603234 2600090
962 2600277 2603003
963 2602760 2600712
964 2600963 2604793
965 2600426 2603294
966 2603727 2600448
967 2602542 2603143
968 2603907 2604212
969 2600989 2600482
970 2601509 2604580
971 2600886 2600846
972 2600297 2601995
973 2602629 2601968
974 2604307 2604462
975 2602530 2604102
976 2601286 2603040
977 2601065 2601232
978 2603141 2604932
979 2604446 2603339
980 2600841 2601282
981 2603001 2600203
982 2603345 2604780
983 2604554 2604928
984 2601543 2602141
985 2602410 2600031
986 2600097 2601221
987 2604931 2603819
988 2603825 2602430
989 2601166 2603811
990 2600156 2601083
991 2604688 2603467
992 2602368 2604545
993 2600208 2601424
994 2602689 2600402
995 2600925 2604628
996 2602117 2600220
997 2602187 2603902
998 2600401 2600414
999 2600817 2601974
1000 2603041 2600316
1001 2604216 2604017
1002 2602268 2602808
1003 2604359 2602671
1004 2602826 2602489
1005 2603076 2602088
1006 2602255 2602402
1007 2604873 2600190
1008 2601274 2602410
1009 2603055 2602601
1010 2603422 2602255
1011 2603067 2602608
1012 2600971 2602765
1013 2603912 2601566
1014 2602710 2601668
1015 2604797 2601752
1016 2602161 2603451
1017 2600619 2602078
1018 2603956 2601168
1019 2601247 2602845
1020 2603440 2600326
1021 2603400 2601480
1022 2602872 2603031
1023 2602204 2601863
1024 2601637 2600295
1025 2603519 2603750
1026 2600875 2601553
1027 2604226 2603108
1028 2601126 2603070
1029 2600685 2603271
1030 2601495 2603314
1031 2601383 2601414
1032 2603746 2603772
1033 2603419 2604413
1034 2603225 2600098
1035 2600827 2602587
1036 2604362 2603652
1037 2603961 2603156
1038 2601402 2602119
1039 2600698 2602703
1040 2600984 2601193
1041 2603422 2604412
1042 2602248 2600096
1043 2603992 2603382
1044 2602608 2600802
1045 2603217 2604627
1046 2601185 2601238
1047 2603473 2602739
1048 2602662 2602733
1049 2600580 2603692
1050 2602721 2603085
1051 2601835 2603971
1052 2601266 2603307
1053 2603992 2603433
1054 2602402 2600634
1055 2604128 2601375
1056 2600601 2604417
1057 2604857 2604915
1058 2603775 2604253
1059 2600378 2604438
1060 2600965 2600897
1061 2601736 2602401
1062 2602906 2604030
1063 2601557 2601339
1064 2600816 2600196
1065 2602625 2601112
1066 2604876 2600883
1067 2600493 2601424
1068 2602416 2603381
1069 2602591 2601208
1070 2604311 2602745
1071 2602867 2603643
1072 2603821 2602703
1073 2602091 2603469
1074 2604778 2602060
1075 2602471 2602660
1076 2602887 2604314
1077 2603602 2601493
1078 2604554 2602940
1079 2603418 2602932
1080 2604099 2601178
1081 2602199 2603528
1082 2600950 2603809
1083 2603835 2600589
1084 2602095 2603382
1085 2603492 2603163
1086 2602854 2603388
1087 2604152 2602722
1088 2601079 2604680
1089 2603963 2601063
1090 2601478 2601353
1091 2602984 2604768
1092 2604731 2602543
1093 2604205 2602319
1094 2602485 2601297
1095 2600940 2601608
1096 2600680 2600374
1097 2600358 2602619
1098 2603383 2603201
1099 2604319 2604151
1100 2602998 2601489
1101 2603096 2603512
1102 2601561 2600076
1103 2602445 2601520
1104 2600226 2602087
1105 2603555 2600532
1106 2600570 2603139
1107 2604400 2601849
1108 2601849 2604778
1109 2600234 2602714
1110 2600950 2603826
1111 2601325 2602885
1112 2601791 2603149
1113 2602943 2604071
1114 2602773 2600887
1115 2601508 2604244
1116 2602483 2601143
1117 2600689 2600810
1118 2601593 2603259
1119 2603117 2601239
1120 2603412 2601479
1121 2601493 2601750
1122 2603537 2604006
1123 2600235 2602953
1124 2600019 2603222
1125 2603529 2601779
1126 2600452 2601081
1127 2600084 2603538
1128 2603959 2600028
1129 2603266 2604537
1130 2604955 2604679
1131 2602811 2600668
1132 2604546 2600422
1133 2603602 2601852
1134 2603216 2604078
1135 2603384 2600137
1136 2600485 2604979
1137 2604051 2601824
1138 2602427 2602596
1139 2603583 2604445
1140 2601009 2603313
1141 2603645 2600590
1142 2603942 2602244
1143 2600568 2603511
1144 2604177 2604351
1145 2601390 2600418
1146 2604028 2603157
1147 2600081 2604751
1148 2600009 2603355
1149 2604963 2601989
1150 2604929 2600892
1151 2604844 2604908
1152 2603221 2604024
1153 2600355 2602507
1154 2604203 2600578
1155 2600459 2603014
1156 2602344 2600138
1157 2601029 2604441
1158 2600375 2602893
1159 2602995 2604777
1160 2601730 2602699
1161 2603581 2604316
1162 2602766 2604687
1163 2600422 2603479
1164 2600648 2603413
1165 2600531 2600147
1166 2603815 2600837
1167 2601097 2604675
1168 2604194 2602314
1169 2600664 2600717
1170 2600706 2604584
1171 2603717 2604557
1172 2600780 2602784
1173 2603039 2601385
1174 2603925 2600837
1175 2601575 2601965
1176 2604113 2600679
1177 2604029 2602369
1178 2601578 2604227
1179 2603773 2600688
1180 2602729 2602495
1181 2603045 2601804
1182 2604613 2603616
1183 2600346 2600735
1184 2600321 2603015
1185 2602402 2603753
1186 2603812 2601883
1187 2600851 2602406
1188 2604977 2601765
1189 2602899 2602474
1190 2601571 2604488
1191 2602516 2603304
1192 2600351 2600008
1193 2601597 2601035
1194 2602004 2603725
1195 2602569 2601293
1196 2603881 2604741
1197 2603248 2600282
1198 2602197 2600409
1199 2600219 2604707
1200 2603149 2602314
1201 2601509 2600253
1202 2604044 2601938
1203 2602529 2600658
1204 2601604 2603106
1205 2600694 2604621
1206 2601487 2602563
1207 2602255 2600359
1208 2603735 2602096
1209 2600489 2600567
1210 2604094 2600761
1211 2602372 2601400
1212 2603793 2603955
1213 2602541 2601669
1214 2600642 2602506
1215 2603448 2603396
1216 2604630 2603811
1217 2604819 2602140
1218 2602134 2601269
1219 2600712 2602978
1220 2604890 2600333
1221 2603202 2604319
1222 2602432 2602475
1223 2603023 2603196
1224 2603551 2604404
1225 2602112 2604230
1226 2604281 2601714
1227 2602852 2600579
1228 2603060 2601771
1229 2601156 2601802
1230 2603745 2601461
1231 2600146 2603357
1232 2602209 2602422
1233 2602768 2602987
1234 2601886 2601148
1235 2600134 2602008
1236 2604614 2602458
1237 2603944 2601674
1238 2602301 2602721
1239 2600604 2602428
1240 2601406 2601801
1241 2604266 2603448
1242 2602628 2603899
1243 2604168 2604430
1244 2601360 2604373
1245 2601057 2600156
1246 2603913 2601105
1247 2600663 2602107
1248 2604547 2604856
1249 2604577 2602010
1250 2603453 2603734
1251 2603407 2603084
1252 2601881 2601002
1253 2603932 2600227
1254 2602065 2600425
1255 2603263 2602168
1256 2601545 2603056
1257 2604462 2604573
1258 2601694 2603784
1259 2600261 2604942
1260 2604413 2604990
1261 2603118 2600264
1262 2603175 2603436
1263 2603995 2603197
1264 2603351 2601348
1265 2602232 2601359
1266 2602269 2601073
1267 2603337 2602276
1268 2603989 2600169
1269 2602788 2602126
1270 2604135 2602456
1271 2603790 2602893
1272 2603954 2604220
1273 2604447 2602730
1274 2602864 2602084
1275 2602384 2601135
1276 2604730 2600147
1277 2602444 2604501
1278 2601378 2602021
1279 2602320 2601887
1280 2602446 2603327
1281 2601635 2601006
1282 2600128 2601955
1283 2603282 2603075
1284 2601424 2603088
1285 2602375 2602784
1286 2601873 2601636
1287 2602045 2603586
1288 2601262 2602906
1289 2603109 2600609
1290 2600958 2601368
1291 2603641 2603610
1292 2603993 2604660
1293 2601160 2602481
1294 2601018 2601175
1295 2600072 2602500
1296 2602071 2602076
1297 2601600 2601461
1298 2604346 2600100
1299 2603987 2603238
1300 2601041 2603285
1301 2600575 2600370
1302 2600295 2604400
1303 2602603 2604945
1304 2604714 2604542
1305 2601905 2600438
1306 2601277 2602199
1307 2603142 2600609
1308 2602438 2602087
1309 2604128 2600830
1310 2604845 2604040
1311 2602351 2601268
1312 2601821 2603514
1313 2602461 2602674
1314 2604397 2603098
1315 2604833 2603076
1316 2600658 2602200
1317 2601660 2602850
1318 2603101 2600357
1319 2604703 2601457
1320 2604663 2604460
1321 2600565 2601840
1322 2604580 2602859
1323 2603804 2601161
1324 2602069 2603636
1325 2601218 2602166
1326 2602168 2603018
1327 2601704 2603837
1328 2601724 2604237
1329 2600871 2604627
1330 2603615 2600897
1331 2601563 2601234
1332 2602313 2602682
1333 2603029 2604871
1334 2602769 2600735
1335 2604600 2602735
1336 2601285 2603860
1337 2600054 2604625
1338 2604294 2602929
1339 2600977 2600664
1340 2604426 2602895
1341 2603451 2600584
1342 2601129 2601675
1343 2604169 2601108
1344 2602561 2600373
1345 2600897 2601079
1346 2600617 2602386
1347 2603157 2600696
1348 2601876 2604623
1349 2601592 2604613
1350 2604352 2603551
1351 2600236 2600079
1352 2603491 2603126
1353 2600498 2601515
1354 2601447 2603948
1355 2601239 2601480
1356 2600109 2604997
1357 2601481 2601895
1358 2600949 2603980
1359 2601998 2601106
1360 2604914 2601293
1361 2604181 2601349
1362 2603773 2602333
1363 2604425 2600384
1364 2600850 2602916
1365 2602532 2600269
1366 2600292 2602121
1367 2601303 2600984
1368 2604253 2600244
1369 2600006 2600348
1370 2601796 2601821
1371 2601521 2602785
1372 2604339 2603446
1373 2603154 2601949
1374 2604403 2602738
1375 2604216 2604791
1376 2603606 2601153
1377 2602690 2604629
1378 2603685 2604382
1379 2601699 2602728
1380 2603350 2603919
1381 2601645 2601632
1382 2600345 2601865
1383 2601596 2604069
1384 2604069 2604794
1385 2604021 2603219
1386 2601102 2602459
1387 2601571 2604469
1388 2602981 2602758
1389 2604377 2603379
1390 2600925 2603326
1391 2602659 2603739
1392 2604458 2600566
1393 2604509 2600326
1394 2600145 2604175
1395 2604877 2601020
1396 2600562 2604756
1397 2604555 2603701
1398 2602894 2603304
1399 2604305 2604111
1400 2604094 2603465
1401 2601665 2601635
1402 2600070 2604909
1403 2602465 2602268
1404 2602529 2603435
1405 2603606 2604710
1406 2603021 2602102
1407 2603384 2604015
1408 2601636 2602227
1409 2601567 2601181
1410 2600795 2602986
1411 2601251 2601365
1412 2604914 2603517
1413 2604299 2603165
1414 2602460 2600975
1415 2601615 2600192
1416 2600632 2601552
1417 2604104 2603396
1418 2603037 2601043
1419 2600533 2601953
1420 2602027 2600869
1421 2601156 2602563
1422 2604475 2603184
1423 2603228 2601229
1424 2604782 2602555
1425 2604480 2602066
1426 2604357 2603665
1427 2603842 2604228
1428 2600737 2604338
1429 2604597 2602944
1430 2600765 2604804
1431 2600163 2603752
1432 2602841 2604733
1433 2602193 2604883
1434 2600902 2604645
1435 2600712 2602247
1436 2603814 2602612
1437 2604264 2603092
1438 2604243 2603271
1439 2604275 2600592
1440 2603725 2603947
1441 2601205 2602213
1442 2601965 2601164
1443 2601257 2604912
1444 2601314 2604834
1445 2602763 2603586
1446 2601827 2603416
1447 2604231 2603418
1448 2601077 2603420
1449 2600210 2603134
1450 2604681 2600554
1451 2600981 2602168
1452 2604780 2602746
1453 2600372 2600285
1454 2600568 2601681
1455 2603211 2601353
1456 2600824 2603463
1457 2604608 2602634
1458 2602749 2601754
1459 2600177 2600294
1460 2602210 2603939
1461 2602291 2603992
1462 2602312 2601928
1463 2602551 2601424
1464 2603544 2600514
1465 2601108 2603129
1466 2604350 2604804
1467 2602747 2603057
1468 2603996 2602817
1469 2604993 2601205
1470 2601597 2603007
1471 2604374 2602530
1472 2602702 2602048
1473 2602393 2600907
1474 2604214 2601201
1475 2603083 2600735
1476 2600646 2602471
1477 2600258 2602802
1478 2604441 2601179
1479 2602371 2604658
1480 2601871 2602124
1481 2603848 2604221
1482 2603825 2604185
1483 2602033 2602526
1484 2604793 2601348
1485 2603326 2601874
1486 2600206 2602065
1487 2603297 2602913
1488 2600388 2604532
1489 2600305 2600255
1490 2603948 2600935
1491 2603341 2600066
1492 2602784 2602510
1493 2602727 2601941
1494 2602077 2600611
1495 2600051 2604051
1496 2601416 2601778
1497 2601168 2600347
1498 2602543 2603821
1499 2604254 2601105
1500 2604505 2602980
1501 2604027 2601547
1502 2603944 2600580
1503 2601313 2604531
1504 2603920 2600395
1505 2601720 2603549
1506 2603330 2603193
1507 2604100 2603233
1508 2604114 2601555
1509 2604851 2600452
1510 2600448 2601234
1511 2601937 2600128
1512 2600453 2603938
1513 2602783 2601165
1514 2603091 2603382
1515 2602755 2603709
1516 2602484 2604979
1517 2600886 2604946
1518 2601733 2601541
1519 2602879 2603151
1520 2603359 2603673
1521 2602703 2602492
1522 2602750 2603929
1523 2603157 2604910
1524 2602645 2600949
1525 2604169 2604991
1526 2604230 2603556
1527 2604217 2601972
1528 2601913 2603357
1529 2601804 2601317
1530 2603078 2600378
1531 2602138 2601535
1532 2602003 2603994
1533 2601288 2604981
1534 2601116 2600508
1535 2604827 2603116
1536 2604513 2603179
1537 2603616 2603148
1538 2602619 2600886
1539 2602602 2603669
1540 2604460 2601849
1541 2600348 2604443
1542 2601680 2602066
1543 2603647 2604836
1544 2601485 2600525
1545 2602574 2602274
1546 2602317 2603634
1547 2602433 2601655
1548 2601330 2602217
1549 2604404 2602494
1550 2604912 2604687
1551 2602524 2603377
1552 2602023 2601643
1553 2602089 2601596
1554 2602276 2601910
1555 2603989 2602858
1556 2602797 2602076
1557 2601994 2602970
1558 2600936 2601849
1559 2601841 2604974
1560 2601578 2601261
1561 2604411 2602206
1562 2601495 2603723
1563 2602256 2603563
1564 2601396 2600765
1565 2600652 2602919
1566 2601335 2603816
1567 2603548 2602888
1568 2604074 2603244
1569 2603924 2600418
1570 2600836 2603357
1571 2604340 2604291
1572 2600369 2603378
1573 2604113 2601339
1574 2603312 2602266
1575 2604106 2603192
1576 2603499 2603428
1577 2603905 2602611
1578 2602122 2604518
1579 2600201 2603079
1580 2603095 2600755
1581 2603577 2604849
1582 2602485 2601956
1583 2601267 2600079
1584 2601481 2604640
1585 2602006 2604630
1586 2600421 2601031
1587 2604944 2604490
1588 2604662 2604646
1589 2604492 2600194
1590 2603171 2603480
1591 2602931 2601021
1592 2602376 2602793
1593 2603913 2600993
1594 2600550 2603503
1595 2602478 2601580
1596 2602869 2602612
1597 2600630 2604865
1598 2602786 2601271
1599 2602108 2604234
1600 2603110 2601939
1601 2601810 2601465
1602 2601951 2601494
1603 2602919 2601306
1604 2604303 2601881
1605 2601253 2602678
1606 2602525 2602397
1607 2603944 2604821
1608 2600776 2602938
1609 2602524 2600491
1610 2604346 2600133
1611 2600819 2603470
1612 2601951 2602718
1613 2600400 2600269
1614 2604919 2601635
1615 2603649 2604235
1616 2604864 2603890
1617 2604385 2603127
1618 2601489 2601144
1619 2604179 2600569
1620 2602245 2602875
1621 2602417 2603225
1622 2600468 2602886
1623 2600651 2602762
1624 2600898 2604270
1625 2603068 2601502
1626 2600622 2604225
1627 2600534 2603252
1628 2601635 2604697
1629 2602644 2600213
1630 2602567 2601215
1631 2600956 2602088
1632 2604929 2603412
1633 2602250 2603591
1634 2603758 2604155
1635 2603677 2604935
1636 2600392 2600379
1637 2602090 2600148
1638 2603993 2603509
1639 2600285 2603724
1640 2600584 2603907
1641 2602254 2601190
1642 2600277 2600247
1643 2600589 2603494
1644 2604609 2601905
1645 2600760 2600009
1646 2602282 2602083
1647 2602764 2600155
1648 2600185 2600213
1649 2602885 2604335
1650 2600492 2602233
1651 2603342 2604688
1652 2603538 2600136
1653 2601749 2600294
1654 2600393 2600583
1655 2601755 2602525
1656 2600454 2602504
1657 2601404 2600352
1658 2600015 2600589
1659 2601071 2601609
1660 2602232 2603431
1661 2601496 2604294
1662 2604731 2604310
1663 2601420 2600041
1664 2603115 2604723
1665 2603450 2602496
1666 2602818 2604228
1667 2602676 2602874
1668 2601263 2603811
1669 2601841 2600378
1670 2602926 2601348
1671 2600531 2604279
1672 2602819 2601055
1673 2604623 2604527
1674 2603941 2604968
1675 2604688 2600019
1676 2601376 2602108
1677 2602146 2600796
1678 2602486 2601080
1679 2604560 2604047
1680 2601130 2604258
1681 2604075 2603450
1682 2604327 2604172
1683 2600104 2603440
1684 2601009 2604885
1685 2604019 2604974
1686 2604554 2604744
1687 2600271 2602187
1688 2602936 2603671
1689 2601123 2601606
1690 2600164 2602030
1691 2604471 2600183
1692 2600188 2602472
1693 2603721 2601468
1694 2600217 2603859
1695 2604271 2600130
1696 2603849 2603404
1697 2601543 2601322
1698 2600482 2604236
1699 2604583 2604476
1700 2604137 2602539
1701 2603611 2602857
1702 2602263 2602394
1703 2600229 2604884
1704 2600134 2602013
1705 2600968 2604200
1706 2603685 2602495
1707 2602560 2600857
1708 2602129 2602273
1709 2602447 2601022
1710 2602889 2600226
1711 2603822 2603125
1712 2600176 2601703
1713 2603141 2600773
1714 2602370 2601305
1715 2602051 2604650
1716 2603416 2604693
1717 2603041 2603972
1718 2602461 2603191
1719 2601601 2600308
1720 2601237 2603749
1721 2600604 2604340
1722 2604332 2604812
1723 2602189 2601069
1724 2603901 2604219
1725 2603866 2601678
1726 2603936 2603119
1727 2601548 2604809
1728 2600918 2602900
1729 2603813 2602628
1730 2600018 2603610
1731 2601790 2601065
1732 2604298 2601095
1733 2601717 2604402
1734 2600855 2602201
1735 2604411 2604010
1736 2602482 2604684
1737 2602865 2600135
1738 2603467 2601319
1739 2601498 2603215
1740 2604347 2601167
1741 2603725 2602618
1742 2604054 2600181
1743 2601698 2604654
1744 2600396 2602439
1745 2600964 2601958
1746 2602804 2603703
1747 2603236 2603859
1748 2601184 2604749
1749 2601156 2600257
1750 2600181 2603072
1751 2603333 2602218
1752 2600300 2603192
1753 2603952 2604947
1754 2603126 2604489
1755 2601911 2601617
1756 2602564 2603393
1757 2603124 2602773
1758 2600616 2603718
1759 2603020 2601193
1760 2604287 2601444
1761 2600885 2602948
1762 2604887 2604377
1763 2602459 2603304
1764 2603598 2602700
1765 2604184 2602649
1766 2604584 2601678
1767 2603058 2601377
1768 2602867 2603845
1769 2600417 2602661
1770 2604055 2603005
1771 2600182 2604477
1772 2601014 2602338
1773 2602993 2600481
1774 2603740 2603364
1775 2603319 2602548
1776 2603380 2602258
1777 2604511 2603763
1778 2603404 2600237
1779 2603156 2600475
1780 2603728 2601733
1781 2600078 2604803
1782 2603853 2604185
1783 2602728 2603033
1784 2603175 2600565
1785 2602677 2603190
1786 2600884 2604577
1787 2604477 2602236
1788 2600934 2604727
1789 2603162 2603840
1790 2604321 2602565
1791 2603308 2604197
1792 2602483 2603502
1793 2602952 2602320
1794 2600957 2603017
1795 2600767 2602342
1796 2602746 2601042
1797 2601621 2604458
1798 2601478 2600746
1799 2601353 2603504
1800 1352418 1354296
1801 1352932 1354884
1802 1354667 1350519
1803 1350436 1352956
1804 1351012 1351083
1805 1350569 1354896
1806 1354537 1352160
1807 1350073 1354184
1808 1352979 1352784
1809 1352456 1354782
1810 1353587 1350306
1811 1353659 1354865
1812 1351092 1353769
1813 1353211 1351261
1814 1354645 1353662
1815 1352096 1353598
1816 1350691 1351352
1817 1353355 1352527
1818 1353396 1354806
1819 1350013 1354887
1820 1352260 1351704
1821 1353208 1353128
1822 1353051 1351191
1823 1352095 1350911
1824 1350732 1354197
1825 1354927 1350401
1826 1354830 1352079
1827 1352810 1352891
1828 1353638 1354793
1829 1351029 1354848
1830 1352201 1352527
1831 1353999 1354765
1832 1350840 1350714
1833 1350908 1351926
1834 1353382 1353438
1835 1352414 1351998
1836 1354350 1353101
1837 1353536 1353657
1838 1353645 1350059
1839 1354781 1350242
1840 1353537 1350005
1841 1350953 1352038
1842 1350052 1351232
1843 1352388 1352410
1844 1352922 1350746
1845 1350921 1352917
1846 1350886 1352980
1847 1350412 1352448
1848 1352154 1352403
1849 1353334 1351544
1850 1353384 1354069
1851 1354372 1353139
1852 1351236 1354600
1853 1353810 1353526
1854 1352187 1352328
1855 1352335 1353288
1856 1351667 1352598
1857 1352694 1354263
1858 1354625 1353609
1859 1352250 1354684
1860 1353861 1353479
1861 1354438 1351225
1862 1352621 1352201
1863 1354898 1351173
1864 1354710 1352244
1865 1353775 1353440
1866 1353776 1351671
1867 1353696 1354276
1868 1351460 1353029
1869 1352925 1354394
1870 1351594 1352715
1871 1354096 1352442
1872 1352177 1354137
1873 1354550 1354360
1874 1354035 1354992
1875 1350735 1354296
1876 1352533 1350004
1877 1352960 1352016
1878 1350647 1353638
1879 1352500 1353270
1880 1354479 1350384
1881 1352883 1351553
1882 1351733 1354388
1883 1352993 1354167
1884 1350802 1352739
1885 1351156 1354156
1886 1353529 1353994
1887 1353949 1350981
1888 1353327 1352766
1889 1351440 1354520
1890 1354457 1352537
1891 1351894 1353682
1892 1351944 1351237
1893 1352071 1353227
1894 1350421 1350946
1895 1352914 1354843
1896 1354298 1351229
1897 1350252 1353238
1898 1354110 1351058
1899 1353838 1350660
1900 1352836 1352448
1901 1350901 1354085
1902 1353095 1353233
1903 1351752 1350679
1904 1354888 1354225
1905 1351119 1353075
1906 1352340 1352864
1907 1353218 1354486
1908 1350643 1353561
1909 1354364 1353205
1910 1354153 1352500
1911 1351469 1354897
1912 1350253 1352120
1913 1351092 1350644
1914 1354240 1354192
1915 1351061 1351448
1916 1350299 1354323
1917 1350763 1351921
1918 1352435 1351750
1919 1354428 1352688
1920 1354163 1353779
1921 1350835 1350584
1922 1353438 1351080
1923 1351182 1352514
1924 1353693 1351135
1925 1351714 1354780
1926 1350510 1350093
1927 1351381 1352199
1928 1354252 1350704
1929 1350208 1353781
1930 1353121 1354972
1931 1354415 1351064
1932 1353325 1354262
1933 1352351 1353890
1934 1354596 1354879
1935 1354804 1354381
1936 1350948 1353293
1937 1352539 1351600
1938 1353387 1353640
1939 1352294 1352466
1940 1354107 1354546
1941 1353205 1353275
1942 1352709 1353471
1943 1353378 1350858
1944 1351333 1354040
1945 1351057 1353127
1946 1351172 1353731
1947 1350461 1352446
1948 1350363 1350427
1949 1352351 1351406
1950 1352497 1351803
1951 1354448 1350157
1952 1354571 1351860
1953 1352222 1350568
1954 1353235 1352760
1955 1350255 1351052
1956 1351122 1350430
1957 1353681 1353638
1958 1353874 1350239
1959 1354529 1351852
1960 1350172 1354277
1961 1354355 1353935
1962 1351276 1353444
1963 1351268 1353807
1964 1354996 1351521
1965 1351331 1354730
1966 1352512 1351553
1967 1352696 1354926
1968 1354230 1353574
1969 1352389 1352248
1970 1354872 1354169
1971 1350317 1350787
1972 1354492 1350627
1973 1350682 1350776
1974 1354897 1353226
1975 1353727 1352936
1976 1351192 1352786
1977 1352864 1353567
1978 1354192 1351496
1979 1352955 1352450
1980 1353096 1350958
1981 1353451 1352386
1982 1350214 1354303
1983 1351376 1353016
1984 1350399 1354445
1985 1351966 1352324
1986 1352922 1354765
1987 1351716 1351994
1988 1354875 1350600
1989 1350569 1350863
1990 1351178 1350466
1991 1352899 1351090
1992 1350342 1351044
1993 1352689 1350160
1994 1353528 1351840
1995 1353175 1351920
1996 1353364 1354291
1997 1353516 1354277
1998 1350352 1350820
1999 1350255 1353057
2000 1350180 1350243
2001 1350836 1351473
2002 1353390 1353737
2003 1353604 1353855
2004 1350190 1350108
2005 1351963 1351166
2006 1354008 1351313
2007 1351103 1350504
2008 1350359 1354928
2009 1351565 1353888
2010 1353813 1352008
2011 1353091 1353649
2012 1351698 1350740
2013 1350133 1353956
2014 1351496 1352242
2015 1350112 1354322
2016 1352816 1351410
2017 1352203 1352716
2018 1352445 1352197
2019 1352283 1352802
2020 1350326 1352391
2021 1351623 1354918
2022 1350095 1353227
2023 1351561 1352502
2024 1352352 1352670
2025 1352728 1351706
2026 1353689 1354175
2027 1352763 1350864
2028 1350838 1351743
2029 1351257 1352687
2030 1350287 1353698
2031 1354449 1354628
2032 1352769 1351723
2033 1354250 1354794
2034 1350366 1351198
2035 1352416 1354116
2036 1354544 1352894
2037 1350590 1354469
2038 1350704 1350499
2039 1353419 1354730
2040 1353105 1354359
2041 1352441 1351095
2042 1354080 1354906
2043 1352475 1350606
2044 1350935 1352016
2045 1354310 1351778
2046 1354727 1350576
2047 1351700 1352692
2048 1352650 1353211
2049 1350455 1353881
2050 1352917 1351240
2051 1353623 1354542
2052 1352461 1350957
2053 1354091 1353598
2054 1354723 1352588
2055 1354120 1353219
2056 1352992 1354657
2057 1353058 1352414
2058 1352432 1351516
2059 1351445 1350009
2060 1353126 1353169
2061 1350137 1354717
2062 1354578 1353347
2063 1353628 1350722
2064 1352077 1352138
2065 1353594 1353534
2066 1352692 1351805
2067 1350419 1351952
2068 1350220 1352175
2069 1352726 1353624
2070 1350138 1352099
2071 1350920 1350660
2072 1350610 1351494
2073 1352116 1354020
2074 1352645 1350089
2075 1353083 1351559
2076 1354206 1353292
2077 1351043 1350906
2078 1352927 1353299
2079 1350531 1354254
2080 1350725 1350457
2081 1353319 1354508
2082 1351349 1350237
2083 1354461 1352110
2084 1350026 1353153
2085 1351322 1350132
2086 1352331 1353449
2087 1354451 1351401
2088 1353736 1353920
2089 1350397 1354657
2090 1352001 1352379
2091 1351715 1353288
2092 1353035 1350690
2093 1350865 1354256
2094 1354043 1350226
2095 1350608 1350360
2096 1350966 1353629
2097 1353848 1353757
2098 1354844 1353763
2099 1350791 1352120
2100 1352369 1351435
2101 1353579 1351347
2102 1352608 1351395
2103 1351541 1351705
2104 1353735 1353169
2105 1351033 1354173
2106 1352866 1354471
2107 1351692 1350350
2108 1351002 1353320
2109 1354423 1353128
2110 1353397 1350292
2111 1350528 1351387
2112 1354281 1352948
2113 1353538 1352428
2114 1350355 1352024
2115 1353410 1353475
2116 1352165 1353447
2117 1354953 1352801
2118 1353599 1353735
2119 1353387 1351760
2120 1354239 1351742
2121 1354510 1350576
2122 1354904 1354316
2123 1354152 1353727
2124 1353013 1351515
2125 1350500 1352178
2126 1350417 1350423
2127 1352355 1352947
2128 1354779 1350755
2129 1350904 1354020
2130 1351124 1351816
2131 1351610 1352821
2132 1353937 1354000
2133 1350446 1353593
2134 1352509 1354946
2135 1354546 1351745
2136 1352367 1350798
2137 1350739 1352126
2138 1351706 1350783
2139 1353099 1350465
2140 1350477 1354527
2141 1352750 1350467
2142 1353704 1354217
2143 1353273 1351634
2144 1352235 1350133
2145 1351980 1353072
2146 1350618 1351407
2147 1353243 1351098
2148 1353446 1351081
2149 1352754 1352535
2150 1353676 1352911
2151 1354788 1350614
2152 1350265 1354014
2153 1352736 1354639
2154 1353536 1353921
2155 1353495 1354053
2156 1351778 1353227
2157 1353344 1350197
2158 1353203 1351420
2159 1354147 1352787
2160 1354419 1352893
2161 1353760 1351908
2162 1354491 1354129
2163 1352420 1352150
2164 1350218 1350511
2165 1353329 1352423
2166 1354986 1352429
2167 1350170 1350502
2168 1350047 1350960
2169 1350326 1351228
2170 1352306 1352431
2171 1354153 1350817
2172 1353233 1351784
2173 1352770 1353703
2174 1354301 1354948
2175 1353090 1352603
2176 1352512 1350819
2177 1353913 1351928
2178 1354827 1352091
2179 1354061 1350767
2180 1350008 1352991
2181 1351637 1354679
2182 1350960 1352577
2183 1354123 1354659
2184 1352078 1351968
2185 1351875 1351645
2186 1350503 1353425
2187 1354044 1354042
2188 1350887 1353761
2189 1352747 1352722
2190 1352436 1352193
2191 1354175 1350583
2192 1351119 1350643
2193 1352201 1351182
2194 1351239 1353538
2195 1351779 1350057
2196 1352207 1350963
2197 1352289 1354899
2198 1351614 1354159
2199 1350567 1350470
2200 1350036 1354864
2201 1353390 1354283
2202 1354146 1354288
2203 1350066 1350712
2204 1353728 1352252
2205 1351414 1354746
2206 1350522 1350976
2207 1353659 1354052
2208 1354307 1351892
2209 1353660 1354011
2210 1353230 1350165
2211 1350216 1352383
2212 1352390 1354359
2213 1351593 1351403
2214 1350939 1354180
2215 1353202 1354922
2216 1354816 1353240
2217 1353508 1351528
2218 1352949 1350852
2219 1351806 1353587
2220 1351497 1353052
2221 1350180 1353632
2222 1354322 1354167
2223 1350714 1350873
2224 1351607 1352511
2225 1354902 1353400
2226 1350010 1350259
2227 1350025 1354860
2228 1353562 1353899
2229 1354512 1353175
2230 1352252 1350414
2231 1353841 1354021
2232 1353602 1351024
2233 1353615 1352624
2234 1352354 1350279
2235 1353608 1352375
2236 1351866 1353404
2237 1353000 1354319
2238 1354192 1354107
2239 1351402 1351441
2240 1350934 1352723
2241 1350196 1354182
2242 1353590 1353707
2243 1350553 1350291
2244 1354869 1353090
2245 1352635 1351470
2246 1350924 1351894
2247 1352258 1352425
2248 1351725 1354257
2249 1353380 1352734
2250 1351389 1353909
2251 1350349 1354403
2252 1354178 1350170
2253 1352366 1352582
2254 1354078 1352142
2255 1352372 1352278
2256 1350801 1350689
2257 1353511 1350774
2258 1352541 1351203
2259 1350775 1353585
2260 1350979 1350113
2261 1350533 1350559
2262 1351093 1353306
2263 1352226 1350217
2264 1354265 1350568
2265 1352918 1354187
2266 1350174 1351195
2267 1353654 1351853
2268 1353481 1353971
2269 1351804 1351579
2270 1352122 1351741
2271 1354299 1353820
2272 1352442 1350893
2273 1350421 1353685
2274 1350525 1354236
2275 1352613 1350502
2276 1353942 1353853
2277 1351667 1353323
2278 1350021 1350898
2279 1353506 1351902
2280 1350900 1351995
2281 1354772 1350778
2282 1354069 1352058
2283 1350556 1352935
2284 1352254 1352531
2285 1353876 1353287
2286 1350651 1353655
2287 1351072 1352803
2288 1354547 1354379
2289 1353896 1351538
2290 1354205 1352996
2291 1351336 1350440
2292 1354311 1350695
2293 1352658 1354070
2294 1351802 1351138
2295 1354648 1350806
2296 1352546 1350145
2297 1350549 1351319
2298 1353910 1350419
2299 1354582 1350093
2300 1354747 1353578
2301 1354264 1352769
2302 1352839 1352334
2303 1353507 1350878
2304 1354587 1352358
2305 1354788 1353277
2306 1353538 1350773
2307 1350867 1353253
2308 1352903 1351662
2309 1350393 1350462
2310 1352926 1354063
2311 1350695 1353924
2312 1353506 1350230
2313 1352731 1352651
2314 1352511 1354841
2315 1353938 1350080
2316 1350199 1351175
2317 1352561 1351014
2318 1351462 1351917
2319 1351615 1351739
2320 1350681 1352683
2321 1353305 1350256
2322 1351187 1353694
2323 1352252 1350157
2324 1352436 1351918
2325 1354742 1354710
2326 1351364 1351683
2327 1350868 1353947
2328 1353713 1350706
2329 1350740 1351203
2330 1353435 1352428
2331 1350027 1353315
2332 1353775 1351004
2333 1352716 1354990
2334 1350831 1353268
2335 1352061 1353165
2336 1351057 1354125
2337 1350651 1353665
2338 1353682 1354899
2339 1350483 1350014
2340 1350784 1354714
2341 1352344 1354999
2342 1354351 1350684
2343 1353759 1350375
2344 1350376 1353316
2345 1352414 1350456
2346 1351595 1351988
2347 1350624 1351874
2348 1354922 1352996
2349 1350812 1351644
2350 1350441 1351010
2351 1350659 1352049
2352 1352442 1352341
2353 1351965 1354576
2354 1354427 1351667
2355 1351693 1352593
2356 1352574 1350755
2357 1352623 1350624
2358 1351965 1353596
2359 1351567 1352903
2360 1354672 1350236
2361 1352957 1353507
2362 1353726 1354662
2363 1350412 1354453
2364 1352473 1351082
2365 1350981 1351725
2366 1354925 1354537
2367 1350053 1350375
2368 1353909 1354652
2369 1352131 1350266
2370 1352944 1354296
2371 1354692 1354831
2372 1353657 1350939
2373 1352889 1354160
2374 1354642 1353424
2375 1351712 1353228
2376 1351917 1350532
2377 1353501 1353149
2378 1353873 1351424
2379 1351198 1352388
2380 1350043 1352646
2381 1353997 1351621
2382 1353650 1352955
2383 1352331 1350578
2384 1350772 1350562
2385 1351985 1354238
2386 1354462 1351003
2387 1352902 1353281
2388 1352341 1350963
2389 1352408 1352868
2390 1354865 1351574
2391 1352825 1354162
2392 1354647 1353621
2393 1353165 1350271
2394 1352159 1354189
2395 1352803 1351356
2396 1353010 1350031
2397 1352982 1353982
2398 1351661 1354568
2399 1353385 1351973
2400 1354752 1350523
2401 1353895 1351948
2402 1352773 1354252
2403 1354286 1353813
2404 1350570 1350035
2405 1354937 1352017
2406 1352636 1354520
2407 1353184 1355000
2408 1352148 1354376
2409 1353654 1352519
2410 1352732 1352361
2411 1353982 1352405
2412 1354323 1353765
2413 1353868 1353347
2414 1352624 1350107
2415 1350503 1352345
2416 1351452 1354468
2417 1351800 1353562
2418 1352532 1351758
2419 1350909 1350959
2420 1351748 1350158
2421 1354232 1351456
2422 1352502 1351173
2423 1353942 1350833
2424 1354238 1351539
2425 1354917 1354726
2426 1354757 1351069
2427 1354968 1350721
2428 1352413 1351462
2429 1350011 1354232
2430 1354303 1351025
2431 1354321 1352967
2432 1353036 1354576
2433 1350846 1351178
2434 1351214 1352597
2435 1353444 1353189
2436 1354277 1351162
2437 1354566 1353628
2438 1353738 1351924
2439 1351427 1351574
2440 1352520 1354544
2441 1350670 1352871
2442 1350123 1354068
2443 1350577 1351507
2444 1350973 1354667
2445 1351401 1350320
2446 1354858 1351380
2447 1352929 1351287
2448 1350460 1353007
2449 1350798 1350170
2450 1350650 1351930
2451 1350375 1352115
2452 1350454 1350536
2453 1353990 1353211
2454 1354931 1354371
2455 1354365 1353046
2456 1350815 1351163
2457 1354453 1352822
2458 1351361 1350076
2459 1350747 1353340
2460 1354029 1350793
2461 1351181 1350158
2462 1351579 1352298
2463 1354757 1350897
2464 1354394 1353974
2465 1351633 1350815
2466 1354849 1352584
2467 1350273 1354308
2468 1353931 1350832
2469 1352605 1354684
2470 1351542 1352267
2471 1351962 1351479
2472 1351657 1353642
2473 1352210 1354920
2474 1351668 1350593
2475 1354080 1350045
2476 1351112 1353841
2477 1350921 1351410
2478 1354823 1351735
2479 1354010 1352622
2480 1351364 1353680
2481 1352321 1352056
2482 1353726 1354418
2483 1354646 1353131
2484 1353908 1350237
2485 1354400 1351202
2486 1353619 1352184
2487 1350672 1354812
2488 1352513 1354310
2489 1351307 1353175
2490 1353114 1351058
2491 1354464 1352774
2492 1351501 1354832
2493 1352488 1350346
2494 1354120 1354802
2495 1353155 1351264
2496 1352341 1350617
2497 1352748 1350496
2498 1350366 1350981
2499 1352232 1352183
2500 1353987 1353376
2501 1353506 1350496
2502 1350529 1354265
2503 1350668 1351768
2504 1350285 1354112
2505 1354289 1351918
2506 1353061 1354596
2507 1350661 1353420
2508 1353936 1350836
2509 1351233 1352892
2510 1352705 1351502
2511 1353470 1353444
2512 1351533 1350895
2513 1353858 1353969
2514 1354992 1351780
2515 1354680 1353799
2516 1350675 1352842
2517 1353408 1354835
2518 1350553 1354108
2519 1351089 1350427
2520 1354983 1351583
2521 1353893 1352452
2522 1351322 1353718
2523 1350347 1353065
2524 1350240 1350479
2525 1351655 1353464
2526 1353934 1352805
2527 1352162 1354326
2528 1354931 1354494
2529 1352810 1353419
2530 1353448 1351710
2531 1351837 1350839
2532 1353876 1352662
2533 1352010 1351532
2534 1354169 1353199
2535 1353156 1354134
2536 1353245 1350921
2537 1352385 1354784
2538 1351238 1352634
2539 1354395 1353673
2540 1353270 1351059
2541 1354719 1351816
2542 1352718 1352716
2543 1354598 1352644
2544 1354171 1350435
2545 1351939 1352601
2546 1351255 1350607
2547 1352111 1351463
2548 1352924 1352342
2549 1351159 1351938
2550 1353022 1352124
2551 1353686 1352631
2552 1353849 1350329
2553 1354754 1352951
2554 1351823 1351790
2555 1350374 1354049
2556 1353979 1354586
2557 1353899 1353476
2558 1354880 1353206
2559 1352699 1351727
2560 1350715 1354286
2561 1352366 1351999
2562 1354581 1353757
2563 1353124 1353508
2564 1353862 1350328
2565 1352387 1352966
2566 1354684 1354533
2567 1350753 1354756
2568 1352321 1353342
2569 1351121 1350317
2570 1353579 1350245
2571 1350792 1351386
2572 1354812 1353579
2573 1351407 1354096
2574 1353426 1353472
2575 1354069 1350915
2576 1354264 1351292
2577 1352757 1353773
2578 1351762 1353204
2579 1351508 1351748
2580 1354505 1353312
2581 1353853 1350391
2582 1353509 1352303
2583 1353974 1354285
2584 1351251 1353718
2585 1353721 1352923
2586 1351510 1350008
2587 1350797 1353393
2588 1352880 1351599
2589 1352102 1350664
2590 1354084 1350511
2591 1353453 1353316
2592 1353002 1351646
2593 1353352 1352413
2594 1351695 1353839
2595 1350152 1353078
2596 1354422 1350485
2597 1353394 1353919
2598 1354745 1350292
2599 1351292 1352150
2600 1354993 1353900
2601 1352842 1351685
2602 1354122 1350741
2603 1352853 1351011
2604 1350283 1350646
2605 1352790 1354714
2606 1350265 1353211
2607 1351400 1350864
2608 1351173 1351804
2609 1351656 1350440
2610 1350628 1353623
2611 1354820 1352836
2612 1350699 1353385
2613 1353483 1352504
2614 1351309 1353425
2615 1350834 1350921
2616 1353289 1354731
2617 1350226 1350295
2618 1350728 1350096
2619 1353837 1352634
2620 1350012 1354129
2621 1352731 1351223
2622 1354681 1350895
2623 1350043 1353001
2624 1352170 1355000
2625 1352457 1354550
2626 1350399 1351212
2627 1353027 1353124
2628 1354690 1352141
2629 1351956 1352484
2630 1351345 1354436
2631 1353254 1354895
2632 1352366 1354433
2633 1351873 1351312
2634 1350014 1350645
2635 1352178 1351187
2636 1353948 1353173
2637 1353151 1353747
2638 1353219 1354451
2639 1350558 1351720
2640 1354686 1354513
2641 1351448 1352333
2642 1352563 1353971
2643 1353534 1353337
2644 1353506 1350378
2645 1350155 1352910
2646 1352952 1351500
2647 1353075 1351896
2648 1353794 1353578
2649 1354685 1353450
2650 1351746 1354920
2651 1350014 1352424
2652 1350180 1351315
2653 1352233 1352453
2654 1350931 1351914
2655 1352367 1354725
2656 1350753 1350689
2657 1353833 1351802
2658 1352966 1353711
2659 1352087 1352063
2660 1351268 1352328
2661 1352912 1351826
2662 1350197 1350865
2663 1352112 1351477
2664 1350720 1353978
2665 1353694 1351160
2666 1351578 1350521
2667 1351555 1351501
2668 1354535 1354726
2669 1354050 1352667
2670 1352234 1354202
2671 1353522 1352455
2672 1351001 1353872
2673 1353994 1353395
2674 1352235 1352774
2675 1353346 1354947
2676 1352872 1353611
2677 1351788 1350847
2678 1351896 1352938
2679 1353038 1354084
2680 1352092 1352530
2681 1353062 1350315
2682 1352366 1353296
2683 1354805 1350518
2684 1353336 1351051
2685 1354674 1353524
2686 1351029 1351308
2687 1354122 1350865
2688 1354647 1352026
2689 1351062 1354119
2690 1352770 1352790
2691 1353823 1351811
2692 1352736 1352850
2693 1351555 1352042
2694 1353241 1352132
2695 1350566 1353619
2696 1351143 1352757
2697 1351910 1352005
2698 1353544 1351718
2699 1352480 1350846
2700 729414 727415
2701 725644 729804
2702 726585 725872
2703 729661 726260
2704 727183 726213
2705 729309 725580
2706 726339 728280
2707 726388 725522
2708 726806 728241
2709 726267 726232
2710 728670 728229
2711 726840 725476
2712 728019 727402
2713 727538 726765
2714 726563 725235
2715 725873 729538
2716 727398 728418
2717 725781 727340
2718 729118 726673
2719 725071 727524
2720 729293 725341
2721 729799 728609
2722 729966 728327
2723 729654 728322
2724 728749 727501
2725 725169 729613
2726 728746 729999
2727 729694 728337
2728 729026 725952
2729 726723 725189
2730 727093 729936
2731 729018 725705
2732 725329 726744
2733 725666 726939
2734 728796 727402
2735 726810 728821
2736 725361 727762
2737 726026 726693
2738 725509 726793
2739 726573 726354
2740 727817 725195
2741 729028 727829
2742 728191 727544
2743 729243 725568
2744 727140 726413
2745 726180 727791
2746 728281 729117
2747 728083 728720
2748 726942 725394
2749 727889 727172
2750 729052 729955
2751 728578 729295
2752 729544 727183
2753 728671 726872
2754 728465 725483
2755 728217 725819
2756 725648 728223
2757 729652 727709
2758 725116 726938
2759 729302 728193
2760 727376 728039
2761 728952 726994
2762 726097 725864
2763 725153 725806
2764 726551 727593
2765 725331 725558
2766 728453 729992
2767 729884 727462
2768 727958 726985
2769 726224 729982
2770 726337 726182
2771 728271 725898
2772 726577 727712
2773 726979 729532
2774 727687 725153
2775 729936 729207
2776 727769 726745
2777 728208 725380
2778 726294 725416
2779 726413 729212
2780 725423 725504
2781 726456 729865
2782 725292 728047
2783 727282 727751
2784 728440 725715
2785 726931 728356
2786 728248 727337
2787 729411 727025
2788 725637 728169
2789 725811 729386
2790 727961 728976
2791 728309 727389
2792 725261 727138
2793 726201 726537
2794 728163 728751
2795 729938 725518
2796 725420 728437
2797 726343 729360
2798 729814 727773
2799 728382 728841
2800 727959 729132
2801 727758 727240
2802 726102 725815
2803 728196 728030
2804 725083 727285
2805 726733 725806
2806 725587 726299
2807 727099 725698
2808 726029 726814
2809 725109 725121
2810 727759 726893
2811 728734 729156
2812 726727 729109
2813 726344 725464
2814 729810 727784
2815 728429 729783
2816 725725 727221
2817 727237 729655
2818 726807 725306
2819 729630 726936
2820 727726 726184
2821 726774 725834
2822 728036 727968
2823 728215 725096
2824 725256 729823
2825 726402 726277
2826 727305 727198
2827 728405 729817
2828 726874 729304
2829 726622 729714
2830 727004 726513
2831 729078 725838
2832 726682 729826
2833 726684 725646
2834 726938 726532
2835 727800 729621
2836 728086 726214
2837 728736 727393
2838 727494 729045
2839 728700 727742
2840 727166 729271
2841 728078 727681
2842 728651 727340
2843 726849 727849
2844 727710 726806
2845 727051 729566
2846 729237 726607
2847 728289 725431
2848 728390 726074
2849 728497 728209
2850 725205 729293
2851 725117 727528
2852 727146 727206
2853 729923 728068
2854 728001 727459
2855 726911 728908
2856 725054 725022
2857 726960 726065
2858 725028 726200
2859 727621 728960
2860 729116 728362
2861 727287 726222
2862 726290 728353
2863 725706 725814
2864 725583 729274
2865 725647 725359
2866 727570 727187
2867 729671 728332
2868 727721 725624
2869 727338 729866
2870 728509 729421
2871 728281 725908
2872 726086 729753
2873 726914 726917
2874 726572 726299
2875 726795 725119
2876 725703 725895
2877 728307 729479
2878 726868 728983
2879 725499 725674
2880 728096 725802
2881 728043 728702
2882 726374 725572
2883 725585 729816
2884 726220 728181
2885 726756 725621
2886 727560 726232
2887 727885 727690
2888 727336 725173
2889 729907 728247
2890 729527 725980
2891 729871 726030
2892 728640 728306
2893 728268 728169
2894 728583 729199
2895 728371 728047
2896 725779 725313
2897 725894 728311
2898 728759 728605
2899 728312 729998
2900 727875 728199
2901 728111 726614
2902 727245 729458
2903 725081 725773
2904 728730 728297
2905 729550 727853
2906 726038 725131
2907 729269 727384
2908 726191 725251
2909 729281 729526
2910 727901 725153
2911 725435 725181
2912 725533 727875
2913 726738 727608
2914 728616 726820
2915 725721 728788
2916 728491 729194
2917 725654 726442
2918 728049 729389
2919 725137 726859
2920 726120 726573
2921 727756 729134
2922 729967 727841
2923 728717 728799
2924 725695 726009
2925 726672 727530
2926 728536 728637
2927 727181 726740
2928 728413 729030
2929 725747 725332
2930 726163 729323
2931 725541 729471
2932 727872 727541
2933 727272 727705
2934 728230 729984
2935 726813 728006
2936 727184 726919
2937 729589 726107
2938 727391 728576
2939 729444 725637
2940 728284 726815
2941 727833 728491
2942 726302 729501
2943 728382 727897
2944 729343 729966
2945 727547 728362
2946 729801 729456
2947 729124 725980
2948 727433 728265
2949 726045 728318
2950 726406 725478
2951 729558 728659
2952 726264 726717
2953 729375 727006
2954 725149 727173
2955 728871 725542
2956 728167 725513
2957 727501 727761
2958 727687 725445
2959 726525 726151
2960 729814 729641
2961 729570 728484
2962 729352 728316
2963 729912 725091
2964 725160 726727
2965 725214 727882
2966 726362 728275
2967 728709 727617
2968 727820 729715
2969 725933 726307
2970 727510 727157
2971 728652 726303
2972 726146 728982
2973 729911 729925
2974 725752 726812
2975 727962 727622
2976 725565 729138
2977 725611 725136
2978 728955 726435
2979 725784 728277
2980 727289 727500
2981 729668 728318
2982 729353 726982
2983 728789 725394
2984 729955 726939
2985 726926 728195
2986 727472 727832
2987 726444 727873
2988 727893 728947
2989 726209 727738
2990 727525 725902
2991 726264 729259
2992 725020 729743
2993 726823 725462
2994 729890 725740
2995 727829 725571
2996 727745 729935
2997 725989 727399
2998 729271 728891
2999 726312 725297
3000 725311 728367
3001 729877 729829
3002 729082 725501
3003 726212 726617
3004 727704 728643
3005 726775 726099
3006 727893 725491
3007 726463 727311
3008 728045 728172
3009 726664 726628
3010 729640 729488
3011 729464 725372
3012 727483 726778
3013 727505 727790
3014 725616 727975
3015 729926 729839
3016 728130 728660
3017 726487 728230
3018 725885 729241
3019 726514 726280
3020 725382 728035
3021 725446 726414
3022 727864 727761
3023 726220 729764
3024 728301 729152
3025 727290 728075
3026 725439 725307
3027 727169 725485
3028 727771 729089
3029 729765 728854
3030 727754 729465
3031 727371 725198
3032 728981 728141
3033 728801 726218
3034 725349 725045
3035 729389 725001
3036 727820 728390
3037 725629 727723
3038 725643 727098
3039 729396 727178
3040 729816 726785
3041 726280 726710
3042 729322 725539
3043 729324 725036
3044 728121 728263
3045 725645 726917
3046 725276 728240
3047 727897 729693
3048 727084 727110
3049 725457 728068
3050 727437 729032
3051 726458 725081
3052 727490 729183
3053 725531 728853
3054 729542 727862
3055 726436 727787
3056 727915 729501
3057 729188 728360
3058 728382 726603
3059 729815 728827
3060 725787 726159
3061 726495 729880
3062 725052 729168
3063 729481 729349
3064 725621 725101
3065 725114 725513
3066 727720 728505
3067 729574 726288
3068 727451 726815
3069 725392 727979
3070 725376 726427
3071 729543 725529
3072 727748 729457
3073 725994 728397
3074 725137 729758
3075 725894 726855
3076 727756 728449
3077 728838 729047
3078 725400 725617
3079 728218 729400
3080 727165 726800
3081 729329 725260
3082 728884 727620
3083 726214 726511
3084 726357 725691
3085 726145 725072
3086 726912 725684
3087 729530 729568
3088 727551 725982
3089 727391 725769
3090 727564 729342
3091 728928 729226
3092 725494 728822
3093 727140 728441
3094 728845 725542
3095 729140 726788
3096 725942 725032
3097 727413 725030
3098 728686 729525
3099 725372 727246
3100 728989 729787
3101 728086 725524
3102 729242 728494
3103 727952 728783
3104 725686 726381
3105 727035 727781
3106 725661 726748
3107 726708 729497
3108 725848 729977
3109 727741 727143
3110 726376 725762
3111 727177 727677
3112 729622 728157
3113 729919 726722
3114 727154 728451
3115 729641 728018
3116 728400 725015
3117 725825 729943
3118 728050 725466
3119 725526 729031
3120 729524 729126
3121 729796 729551
3122 726558 728586
3123 728176 726456
3124 729912 728041
3125 727444 728883
3126 728284 726421
3127 728982 725258
3128 729939 727847
3129 725915 727598
3130 725086 727005
3131 727621 729338
3132 726171 727307
3133 726855 728312
3134 725862 728224
3135 729168 726851
3136 725986 729611
3137 726212 725426
3138 728540 728002
3139 727592 725613
3140 729702 727521
3141 729367 727959
3142 725650 729043
3143 727778 726734
3144 725460 726320
3145 727983 727693
3146 726483 728749
3147 728737 727679
3148 728723 729953
3149 729340 726771
3150 728011 726063
3151 728327 728065
3152 726297 729201
3153 725710 727739
3154 726419 726344
3155 729058 726258
3156 727316 726568
3157 726406 729270
3158 726353 726115
3159 725424 729530
3160 729645 726714
3161 729604 728040
3162 725167 726926
3163 729455 729759
3164 728189 726697
3165 727982 725234
3166 725281 725596
3167 725300 725539
3168 729704 728804
3169 726008 725104
3170 727875 729725
3171 728216 725821
3172 729649 726156
3173 725230 725338
3174 726815 727943
3175 729727 729413
3176 725460 728866
3177 728354 728766
3178 726128 725774
3179 726216 725251
3180 725145 726887
3181 729098 728722
3182 729934 726244
3183 727935 728434
3184 729434 725216
3185 728747 725658
3186 728394 726646
3187 725189 726823
3188 729211 729047
3189 727364 725171
3190 728157 728281
3191 725103 725032
3192 728145 727059
3193 728093 728994
3194 728072 729463
3195 725611 728792
3196 726040 728578
3197 726453 729671
3198 728645 729010
3199 727052 728388
3200 727834 725722
3201 729494 728834
3202 726800 725740
3203 726930 728342
3204 726993 728574
3205 729037 728350
3206 729764 726320
3207 727676 725652
3208 726401 726732
3209 727843 725056
3210 726138 729943
3211 726265 726891
3212 727425 725947
3213 725884 729817
3214 729206 726480
3215 728794 729689
3216 729625 725190
3217 727499 725235
3218 725728 728099
3219 725346 728176
3220 725192 728678
3221 726217 729599
3222 726148 728377
3223 726027 728217
3224 728409 725992
3225 727593 727211
3226 725380 729704
3227 726742 727285
3228 728407 727739
3229 726620 725212
3230 726175 729129
3231 726065 729469
3232 726853 727567
3233 725768 725533
3234 725352 725395
3235 729094 729726
3236 728764 726184
3237 725119 726297
3238 728321 728215
3239 729015 728188
3240 727563 728352
3241 725310 726374
3242 725832 726907
3243 727086 728018
3244 728691 728854
3245 729551 726734
3246 729728 726220
3247 729606 726339
3248 727295 728861
3249 729231 726316
3250 728391 725074
3251 725566 729484
3252 725692 728522
3253 726682 727035
3254 726381 727492
3255 729470 726634
3256 725499 728873
3257 725290 726414
3258 725792 727724
3259 726784 728267
3260 728451 725621
3261 727495 728747
3262 729541 726099
3263 726143 725988
3264 728221 728777
3265 728528 728798
3266 727831 726246
3267 726302 725844
3268 725017 726947
3269 728389 728361
3270 729874 725334
3271 725180 726954
3272 729313 725004
3273 725424 728910
3274 729042 726035
3275 725431 725298
3276 728678 728544
3277 726803 725316
3278 728570 727164
3279 725240 727516
3280 727115 725936
3281 727662 726238
3282 727558 728016
3283 729982 728281
3284 726223 726132
3285 727068 728213
3286 725663 725072
3287 727842 728169
3288 728183 727293
3289 728851 727410
3290 729949 728016
3291 725670 728617
3292 729327 726531
3293 726578 725501
3294 726817 725095
3295 728574 725226
3296 727739 728867
3297 729661 725587
3298 725674 725591
3299 725466 725882
3300 725948 727911
3301 727166 728781
3302 729974 726749
3303 727322 728963
3304 725711 729400
3305 726564 727871
3306 725981 725978
3307 726854 725873
3308 729151 727495
3309 725289 729803
3310 726030 729007
3311 729804 725680
3312 728355 729905
3313 729889 725499
3314 726244 725065
3315 729844 729178
3316 727808 725232
3317 727097 727442
3318 727564 726587
3319 726811 728880
3320 729548 725506
3321 729863 727446
3322 729031 727790
3323 728938 729202
3324 727240 727976
3325 729202 726519
3326 727357 728917
3327 725417 727422
3328 728221 725337
3329 725470 727850
3330 726769 727225
3331 729756 729777
3332 725204 729584
3333 729952 729993
3334 726050 726244
3335 729118 727061
3336 727659 725133
3337 729883 725838
3338 726287 729711
3339 725551 729027
3340 728664 727864
3341 725770 728854
3342 725396 729049
3343 725332 728351
3344 728697 728456
3345 729197 727574
3346 726223 727915
3347 728775 727831
3348 729839 728669
3349 729080 727702
3350 728263 728596
3351 725712 728749
3352 726170 729714
3353 728085 725584
3354 729931 727018
3355 728141 729194
3356 726069 725511
3357 726902 729765
3358 727259 728005
3359 729300 725368
3360 725981 726443
3361 729275 728731
3362 726512 725184
3363 727157 725509
3364 728890 727192
3365 727862 726432
3366 729951 726734
3367 729389 725594
3368 729510 729833
3369 728904 726070
3370 729611 725251
3371 725981 726472
3372 726944 728687
3373 726788 726818
3374 725482 726668
3375 727509 729389
3376 728458 726634
3377 728675 728187
3378 729942 726199
3379 726314 725478
3380 727026 727935
3381 727513 726716
3382 726656 725819
3383 727414 725454
3384 728491 727527
3385 726434 727701
3386 729521 727231
3387 729404 725952
3388 729605 728208
3389 729544 728129
3390 729904 727839
3391 728618 729455
3392 727720 729018
3393 725657 725941
3394 726680 725956
3395 727743 728816
3396 729367 728980
3397 728636 729142
3398 725442 726567
3399 726450 729805
3400 727054 726659
3401 729323 727781
3402 727278 728212
3403 725131 729405
3404 728315 729805
3405 728086 728179
3406 729185 729313
3407 728390 727732
3408 728462 726070
3409 728935 725191
3410 727065 725102
3411 726901 727756
3412 725031 728634
3413 727342 729691
3414 727887 729548
3415 725124 726831
3416 726789 728158
3417 726661 726249
3418 727827 729667
3419 728332 725609
3420 728588 726240
3421 725205 728726
3422 729824 725349
3423 728056 727766
3424 726691 727348
3425 727021 725739
3426 726386 726034
3427 726603 729127
3428 726393 728057
3429 725504 726117
3430 726348 725204
3431 727402 727583
3432 729814 727869
3433 729256 725030
3434 728846 725632
3435 728797 729207
3436 728505 727256
3437 727598 725774
3438 729357 725897
3439 728423 727158
3440 727918 728025
3441 727633 727712
3442 725096 725459
3443 727772 725446
3444 726395 725399
3445 729105 726926
3446 729022 727817
3447 727592 729997
3448 727122 729774
3449 727818 726006
3450 728964 725566
3451 725699 725291
3452 725656 726882
3453 728319 727488
3454 726941 728713
3455 728412 728688
3456 729303 728620
3457 728871 727133
3458 727482 727632
3459 727713 728951
3460 728026 729883
3461 727650 727454
3462 728085 729010
3463 729804 725081
3464 727474 728715
3465 726559 726661
3466 728508 725966
3467 727825 725377
3468 725572 727908
3469 729447 729494
3470 726111 727395
3471 728594 726829
3472 727730 726723
3473 727894 729053
3474 725604 725569
3475 727203 725144
3476 726161 729775
3477 725985 729116
3478 728656 725801
3479 728366 727315
3480 725455 728328
3481 729489 726733
3482 726119 725350
3483 729832 727458
3484 728297 726444
3485 727285 725835
3486 727395 727017
3487 726848 726668
3488 726652 726446
3489 725939 727334
3490 729857 728132
3491 725207 726714
3492 728330 725809
3493 726084 725724
3494 725867 728668
3495 726283 726885
3496 726510 727601
3497 725216 726153
3498 727847 729655
3499 728538 725986
3500 726065 725813
3501 729728 727078
3502 725571 728371
3503 728757 725906
3504 729540 726037
3505 729552 728644
3506 726690 728281
3507 727473 728403
3508 729756 726233
3509 728936 726466
3510 728426 725080
3511 725122 729308
3512 725471 726792
3513 725841 729615
3514 725252 729159
3515 729998 729539
3516 728326 726734
3517 725919 728257
3518 727052 728290
3519 726398 725670
3520 726541 729824
3521 726363 729073
3522 726865 726913
3523 726981 729139
3524 725273 725713
3525 729956 725022
3526 726231 725574
3527 725728 726304
3528 725110 729804
3529 728639 727246
3530 725459 725559
3531 729536 728717
3532 727771 725615
3533 728928 727894
3534 729133 727480
3535 727472 727683
3536 728272 725421
3537 728493 725250
3538 728736 726632
3539 726664 726697
3540 728068 726059
3541 727196 727708
3542 725264 727508
3543 726736 728633
3544 729117 729454
3545 728808 726163
3546 728499 727170
3547 729785 726717
3548 725414 728570
3549 725146 727045
3550 727389 726696
3551 727406 725895
3552 728708 725737
3553 728571 725196
3554 725349 729359
3555 729198 725160
3556 729681 728356
3557 729169 728072
3558 729690 726371
3559 726142 725610
3560 727368 729090
3561 728094 726693
3562 726022 725182
3563 728401 729684
3564 729620 729210
3565 726954 727285
3566 726019 726000
3567 728848 726437
3568 728011 728862
3569 729611 729575
3570 729652 729173
3571 728423 728813
3572 725563 728513
3573 728134 729632
3574 728932 729551
3575 726295 728112
3576 727249 729582
3577 727425 725624
3578 726620 727704
3579 726968 725166
3580 729657 726172
3581 726131 729660
3582 725341 729110
3583 726213 725978
3584 729223 729496
3585 725559 729240
3586 727922 726355
3587 727762 726843
3588 726409 729289
3589 726404 727222
3590 726535 727154
3591 725781 726335
3592 727949 725708
3593 726002 726970
3594 729498 725997
3595 727821 725153
3596 725414 728713
3597 729317 728519
3598 728259 727073
3599 725164 729047
3600 414487 414286
3601 413228 415497
3602 415358 413896
3603 415258 416460
3604 414033 415371
3605 413282 416461
3606 417462 413792
3607 414408 413737
3608 417060 415930
3609 413881 415352
3610 413897 414850
3611 413712 416168
3612 416972 414441
3613 417231 416390
3614 416372 416778
3615 415970 415992
3616 413948 412889
3617 413376 414573
3618 413923 413568
3619 413849 414336
3620 412832 415114
3621 414049 417301
3622 413767 413351
3623 413200 414184
3624 414364 416131
3625 413600 412682
3626 417066 414383
3627 413493 412915
3628 413235 414804
3629 414788 414809
3630 417441 414456
3631 416874 413743
3632 415835 414409
3633 415800 417092
3634 413207 413844
3635 412757 413049
3636 416234 412987
3637 415536 414756
3638 413552 416590
3639 413226 413466
3640 414166 414935
3641 413004 415046
3642 415398 414954
3643 413060 416145
3644 415318 414421
3645 413550 413040
3646 415919 413426
3647 416625 415953
3648 416306 414797
3649 416863 415873
3650 415271 416566
3651 413629 416326
3652 415276 414449
3653 413679 417374
3654 415338 415620
3655 416328 417070
3656 414992 415357
3657 416980 415789
3658 413910 415755
3659 414101 414123
3660 414959 415204
3661 417173 414486
3662 417448 413750
3663 414904 412818
3664 415974 417229
3665 416881 414556
3666 412680 415641
3667 416910 416520
3668 416279 415940
3669 412971 413386
3670 413946 414068
3671 413077 414877
3672 414971 414879
3673 414314 413540
3674 415136 413151
3675 412521 414680
3676 412727 415108
3677 414026 412589
3678 416288 417467
3679 416745 415052
3680 416314 412574
3681 412979 415396
3682 412714 414719
3683 414287 412616
3684 415465 415818
3685 417082 413450
3686 415974 413154
3687 414107 412775
3688 417065 412617
3689 416555 416738
3690 413404 415490
3691 416300 415844
3692 413820 412901
3693 412711 416802
3694 416361 413725
3695 416136 416884
3696 413470 416259
3697 416300 416958
3698 414416 413114
3699 413951 415510
3700 414343 413606
3701 417455 412912
3702 416323 413435
3703 415876 413986
3704 413873 413072
3705 415041 414934
3706 414773 413126
3707 417252 416577
3708 416214 412883
3709 417121 416859
3710 416879 414110
3711 412600 414582
3712 414633 416188
3713 412904 415331
3714 413448 415439
3715 414666 413843
3716 417236 417095
3717 415388 415066
3718 415107 413424
3719 417120 414876
3720 416893 417385
3721 415497 413795
3722 413321 415594
3723 417209 414460
3724 416570 416320
3725 415135 415255
3726 416735 415267
3727 417320 414471
3728 415372 417105
3729 412792 416543
3730 412854 417414
3731 415855 413814
3732 415005 414791
3733 414007 415842
3734 416640 413158
3735 416822 412776
3736 416229 413779
3737 413340 413076
3738 413718 414067
3739 415688 414057
3740 416385 416302
3741 417486 414152
3742 415236 412993
3743 413272 414547
3744 415367 415261
3745 414460 415118
3746 415676 417259
3747 416981 417431
3748 412728 414919
3749 412849 414112
3750 415072 415318
3751 416604 417089
3752 416798 413289
3753 415926 416847
3754 415080 413498
3755 415298 416701
3756 414831 413091
3757 414344 417341
3758 412513 416294
3759 416869 412502
3760 415206 416184
3761 412575 412940
3762 413809 414985
3763 412561 413497
3764 413283 416202
3765 413851 415552
3766 414980 415089
3767 413988 415250
3768 412788 416641
3769 416485 415824
3770 413809 417248
3771 415674 414172
3772 416451 415787
3773 413254 413359
3774 416419 416223
3775 416083 416891
3776 415757 415760
3777 417406 413754
3778 412920 414035
3779 414049 416657
3780 415950 416931
3781 414380 415118
3782 413916 415610
3783 412762 413578
3784 415779 412578
3785 415735 414339
3786 417088 414916
3787 413843 415321
3788 414144 416373
3789 413331 415519
3790 416726 415421
3791 412716 413592
3792 415988 414875
3793 415557 415295
3794 415093 416888
3795 416490 415391
3796 416191 416048
3797 416577 413266
3798 414118 415793
3799 414443 415834
3800 416270 416302
3801 414382 413095
3802 417007 413863
3803 412891 412986
3804 413960 413219
3805 413327 412769
3806 414734 416565
3807 416751 414343
3808 415049 412741
3809 417489 414221
3810 412747 415370
3811 415512 415539
3812 413952 415181
3813 412725 415534
3814 415271 414176
3815 414894 414027
3816 413135 416862
3817 414319 417045
3818 412627 412876
3819 413672 415170
3820 417155 412918
3821 414769 416019
3822 415273 416930
3823 414270 414624
3824 415803 413393
3825 415480 417164
3826 415487 415930
3827 414176 414610
3828 414996 414260
3829 416064 416039
3830 416530 413651
3831 413246 414068
3832 417312 413752
3833 412757 413146
3834 413477 415746
3835 413926 416894
3836 414430 415717
3837 415139 413833
3838 416333 414149
3839 417264 417428
3840 417333 416402
3841 413229 413958
3842 415949 414507
3843 416721 412571
3844 414809 413225
3845 414716 414533
3846 412920 415027
3847 416605 413898
3848 415582 416582
3849 415975 413288
3850 415695 416100
3851 416166 413080
3852 414192 413031
3853 417454 415587
3854 416218 412705
3855 413804 416880
3856 417415 413691
3857 416898 415024
3858 413681 416215
3859 416964 415188
3860 413982 412766
3861 416227 414480
3862 414250 413406
3863 414652 417022
3864 417364 413135
3865 413985 413696
3866 413811 415075
3867 413079 417433
3868 413808 414202
3869 416312 415362
3870 414904 417115
3871 415056 412603
3872 414279 416243
3873 413940 413900
3874 416655 412988
3875 416595 417288
3876 415501 417166
3877 416322 415536
3878 413900 414288
3879 415724 413837
3880 416337 413576
3881 417174 415409
3882 415720 417360
3883 414638 412572
3884 416792 417048
3885 414433 413173
3886 413637 415328
3887 416792 416272
3888 413196 413659
3889 414071 417140
3890 417237 415816
3891 415039 417036
3892 413765 415370
3893 417493 416472
3894 415254 417061
3895 414461 417033
3896 414078 415859
3897 414964 417123
3898 413712 413067
3899 412934 413992
3900 414363 412933
3901 415217 414497
3902 416114 412788
3903 413627 414647
3904 416226 415454
3905 413516 415659
3906 415920 417300
3907 414848 415444
3908 413407 414077
3909 416767 413261
3910 413356 414692
3911 416006 412639
3912 415360 416789
3913 415161 412576
3914 413173 417099
3915 415755 413992
3916 416688 416516
3917 413186 416154
3918 414669 416316
3919 413965 412710
3920 413731 417055
3921 414653 415793
3922 412869 416774
3923 416358 412693
3924 416294 414492
3925 416722 416176
3926 415382 417158
3927 413137 416690
3928 412745 413487
3929 413392 413368
3930 414626 414066
3931 414343 416218
3932 415986 414143
3933 416492 416441
3934 416117 414305
3935 417124 415771
3936 415144 415218
3937 414788 413332
3938 413437 415891
3939 413626 412658
3940 412551 413394
3941 415261 417411
3942 416758 416044
3943 416433 414090
3944 416768 413669
3945 414580 413939
3946 414542 416192
3947 417005 412710
3948 415804 414588
3949 414024 415111
3950 417120 416000
3951 415641 417217
3952 413483 415814
3953 416697 413074
3954 415620 415449
3955 415145 413831
3956 416132 414424
3957 414188 415413
3958 413081 413559
3959 413289 413468
3960 413543 414617
3961 414286 413346
3962 417025 415594
3963 412562 417398
3964 413016 416840
3965 416250 415549
3966 415053 413416
3967 414700 413760
3968 416331 414299
3969 416324 414253
3970 417463 415609
3971 413559 416364
3972 414874 415120
3973 416765 416018
3974 414562 416921
3975 414777 414993
3976 412553 414592
3977 413329 414165
3978 416772 413654
3979 413582 413318
3980 416879 414100
3981 412693 413929
3982 416736 413830
3983 414356 416856
3984 415791 415020
3985 416433 416655
3986 416250 416272
3987 413049 413274
3988 414137 416713
3989 416974 413143
3990 414990 412818
3991 414561 412829
3992 415402 416762
3993 414773 414853
3994 416052 413220
3995 416449 417235
3996 414194 415647
3997 414997 417272
3998 414932 413086
3999 416159 416009
4000 414981 415911
4001 413639 415969
4002 416250 416378
4003 414317 415085
4004 415652 413467
4005 416983 413419
4006 415257 415053
4007 414232 415332
4008 413472 415140
4009 413545 415536
4010 413638 417183
4011 413323 416935
4012 415104 416743
4013 416729 413181
4014 415496 415928
4015 413174 416445
4016 416698 416216
4017 414063 414802
4018 413654 414843
4019 416168 413459
4020 417006 416583
4021 413671 412852
4022 413425 416333
4023 414445 414612
4024 415617 416254
4025 414815 415764
4026 415228 413611
4027 415635 416419
4028 413265 417487
4029 416479 413460
4030 415707 415021
4031 413855 415209
4032 414802 413760
4033 415360 415206
4034 413186 415837
4035 415840 412966
4036 415239 417300
4037 414430 414223
4038 413922 415456
4039 413304 414782
4040 413726 413184
4041 414738 413786
4042 417318 413264
4043 416390 416704
4044 413435 414436
4045 414434 416586
4046 417078 415726
4047 415290 415659
4048 412558 413852
4049 415216 413779
4050 415568 416782
4051 413030 414750
4052 413599 417006
4053 415157 414205
4054 416016 415759
4055 414460 416269
4056 413378 415369
4057 415984 417475
4058 417257 414349
4059 415493 414355
4060 417490 413083
4061 417003 413946
4062 413052 416540
4063 413430 413995
4064 416800 412937
4065 414684 416729
4066 417273 416397
4067 416171 414673
4068 415491 417087
4069 414127 416655
4070 412788 415185
4071 417323 416586
4072 414642 413365
4073 413248 412796
4074 413070 413386
4075 413168 414728
4076 413139 412959
4077 416353 414215
4078 412829 412717
4079 414635 416964
4080 416858 416405
4081 413770 414678
4082 414316 414162
4083 414125 414377
4084 413344 417023
4085 417086 415340
4086 417050 415132
4087 416730 417394
4088 415839 415407
4089 415196 417458
4090 413377 417443
4091 415711 413321
4092 416350 417391
4093 413298 414982
4094 414280 414261
4095 414415 413383
4096 412840 414979
4097 414096 413555
4098 415746 415482
4099 414563 416084
4100 415185 417060
4101 413446 416770
4102 413523 415728
4103 417382 413865
4104 414687 416335
4105 412932 413268
4106 415083 414727
4107 412890 414891
4108 414699 414473
4109 416248 412686
4110 417422 412618
4111 413136 413396
4112 414213 413073
4113 416220 414746
4114 414651 415880
4115 416741 412796
4116 416154 415052
4117 413470 416064
4118 415485 416818
4119 417162 416147
4120 413992 416546
4121 413363 415127
4122 414801 413478
4123 415358 413092
4124 416499 413427
4125 412681 416199
4126 416473 416924
4127 416978 414895
4128 414010 415417
4129 416076 414972
4130 413750 415085
4131 416392 417358
4132 413447 414669
4133 414771 417199
4134 413342 413765
4135 414111 413130
4136 413645 416433
4137 414425 414228
4138 414784 413824
4139 414252 416271
4140 417220 415145
4141 413842 415193
4142 415397 415985
4143 417020 415344
4144 416105 416715
4145 415727 414202
4146 413964 414730
4147 415576 416586
4148 413711 416319
4149 414091 415917
4150 416190 414096
4151 417172 416637
4152 412746 413807
4153 413936 415525
4154 412801 413423
4155 413287 414624
4156 414550 414463
4157 414720 414099
4158 414182 413132
4159 413054 415457
4160 412750 415002
4161 414653 414461
4162 413231 414937
4163 413562 414205
4164 415229 415639
4165 416397 415052
4166 415137 414471
4167 415354 417045
4168 416593 417378
4169 416059 414978
4170 415988 416176
4171 415173 417195
4172 412725 414952
4173 416071 416769
4174 414525 414142
4175 412675 412691
4176 413705 413641
4177 414101 413003
4178 416128 413201
4179 413457 413173
4180 416743 414622
4181 412802 415848
4182 412736 415983
4183 417261 412748
4184 414429 415875
4185 416564 413203
4186 414907 415905
4187 414600 417064
4188 413708 415801
4189 414419 413764
4190 416486 416505
4191 416554 416944
4192 412692 415780
4193 417451 414991
4194 415830 417137
4195 414976 414507
4196 412977 413428
4197 417230 415768
4198 417404 413717
4199 412734 414591
4200 412869 414552
4201 416648 416819
4202 416646 417440
4203 416701 416098
4204 413524 416509
4205 412938 414158
4206 415390 414888
4207 413239 412657
4208 412570 412968
4209 416767 417141
4210 413645 414469
4211 415488 412894
4212 417153 414113
4213 415113 416678
4214 413844 415846
4215 417296 412613
4216 414359 412653
4217 413452 413213
4218 413511 416772
4219 413056 416523
4220 412610 413770
4221 413440 414110
4222 414397 413480
4223 413044 412625
4224 412673 412642
4225 415085 414176
4226 413782 414449
4227 414804 414123
4228 416430 412963
4229 416922 413818
4230 416512 417342
4231 416878 415659
4232 413434 415064
4233 417397 415200
4234 416848 415205
4235 415092 413624
4236 413689 412957
4237 416142 413655
4238 414059 413597
4239 414472 416530
4240 417259 412683
4241 416696 412848
4242 417446 413251
4243 416536 417281
4244 416370 416335
4245 413649 414697
4246 417386 415526
4247 415744 413259
4248 413699 417368
4249 416615 415123
4250 412893 417321
4251 417063 413018
4252 417089 413610
4253 412621 413855
4254 414924 414623
4255 414500 416512
4256 414728 413180
4257 415713 413681
4258 413971 414234
4259 415347 413119
4260 412601 415983
4261 414348 416646
4262 413550 415593
4263 414294 415937
4264 416809 416677
4265 414839 416700
4266 417016 414082
4267 414927 413101
4268 414911 417379
4269 414025 416575
4270 414058 417368
4271 415743 415527
4272 414026 413866
4273 414782 414573
4274 413736 415744
4275 413041 415480
4276 413797 412650
4277 416632 412655
4278 413286 415437
4279 416194 417216
4280 417116 414593
4281 412724 414553
4282 413441 415005
4283 415680 415069
4284 414546 417381
4285 415919 412899
4286 414549 413049
4287 413178 414810
4288 416406 415847
4289 413681 416685
4290 413414 413960
4291 413705 413143
4292 414067 415260
4293 413433 413712
4294 414323 417147
4295 416047 417418
4296 417249 417371
4297 415285 416589
4298 412890 413334
4299 414371 415104
4300 412568 415654
4301 416673 414141
4302 414456 414921
4303 414663 417245
4304 416547 413653
4305 413469 415104
4306 415291 415517
4307 415224 415504
4308 414179 413582
4309 416334 416829
4310 413715 416965
4311 415964 413903
4312 414683 412680
4313 413852 417320
4314 413785 413514
4315 413648 413700
4316 414564 415997
4317 415976 417393
4318 413188 413406
4319 415227 417489
4320 416998 417235
4321 413951 413500
4322 413217 414222
4323 415175 414198
4324 413228 413985
4325 413284 412576
4326 416154 414564
4327 414325 415259
4328 413672 414263
4329 414643 416928
4330 414390 415179
4331 415230 417283
4332 412526 413176
4333 412666 416803
4334 415711 413570
4335 414116 416969
4336 415815 412846
4337 415799 415911
4338 414841 416519
4339 415201 417252
4340 413673 416318
4341 414166 416738
4342 414569 417153
4343 416423 417027
4344 414169 416153
4345 415276 416747
4346 413953 416660
4347 413333 414750
4348 417004 413922
4349 416063 415213
4350 412589 414245
4351 413915 413666
4352 415440 415729
4353 415966 417026
4354 414174 417003
4355 416323 417391
4356 413041 412926
4357 415890 413567
4358 413752 417146
4359 416083 416840
4360 416715 415947
4361 412507 416542
4362 412951 416336
4363 416164 414820
4364 413511 412509
4365 416588 413822
4366 414742 414635
4367 413482 415666
4368 416693 416596
4369 415873 417074
4370 412879 412575
4371 417169 416183
4372 416951 415323
4373 416208 413626
4374 415578 412643
4375 414155 416768
4376 416802 417459
4377 413542 415986
4378 417376 416644
4379 416754 415187
4380 417483 416541
4381 416816 413487
4382 417049 416000
4383 415040 416578
4384 416906 415311
4385 415120 416820
4386 412538 414641
4387 414533 415969
4388 417000 412518
4389 413666 414128
4390 416249 413905
4391 417163 414164
4392 414978 413104
4393 416786 412868
4394 414474 414580
4395 416076 413739
4396 416599 417320
4397 414561 415749
4398 416489 415641
4399 414183 417244
4400 416701 415615
4401 412981 415897
4402 414597 412850
4403 415952 416837
4404 415893 413883
4405 417265 415383
4406 414797 414887
4407 416117 414372
4408 417400 417184
4409 416341 417484
4410 414839 414726
4411 416010 417292
4412 416133 415204
4413 413022 413073
4414 414775 413088
4415 414207 414492
4416 414443 413344
4417 417358 414035
4418 416798 415938
4419 415082 414330
4420 417218 414400
4421 416201 413580
4422 414636 413226
4423 413218 417469
4424 416911 414181
4425 415963 414453
4426 414769 415095
4427 416597 414252
4428 415904 417431
4429 413829 412982
4430 415143 413879
4431 412508 415212
4432 415809 415739
4433 415479 412773
4434 413179 415235
4435 414730 413265
4436 414336 415872
4437 414830 417095
4438 414262 413408
4439 413668 413625
4440 416183 417088
4441 412863 416001
4442 416422 413653
4443 416731 415747
4444 412669 415392
4445 412992 412608
4446 413483 413842
4447 414108 415481
4448 415352 416062
4449 412534 415952
4450 415734 413178
4451 417005 415625
4452 413643 414855
4453 417468 415721
4454 413351 413962
4455 415897 414533
4456 412774 416768
4457 413130 415149
4458 412749 417301
4459 412732 416954
4460 415973 416388
4461 414008 415047
4462 412718 413684
4463 413077 413389
4464 416905 413104
4465 417415 415355
4466 416607 417198
4467 412550 413021
4468 414982 413297
4469 415416 415623
4470 413743 414183
4471 415360 412756
4472 414558 416298
4473 415297 417036
4474 416324 412885
4475 415549 415111
4476 415197 417402
4477 416380 414764
4478 415404 416452
4479 416221 414504
4480 414509 413624
4481 416696 415876
4482 416409 416210
4483 414161 413486
4484 414258 417224
4485 413157 413212
4486 412866 415422
4487 416380 415242
4488 417363 414962
4489 417254 412997
4490 417451 415738
4491 412862 416497
4492 417222 414969
4493 413352 412690
4494 415242 416514
4495 416890 415166
4496 414557 415518
4497 413129 415146
4498 415319 415337
4499 413470 417232
4500 1780 4270
4501 2510 596
4502 3224 188
4503 786 4952
4504 306 457
4505 3673 3404
4506 1195 4297
4507 3625 1465
4508 52 1115
4509 3929 3710
4510 2921 2232
4511 1751 3873
4512 1677 482
4513 2420 530
4514 1869 4297
4515 531 328
4516 3129 761
4517 1514 552
4518 2971 3014
4519 1183 4897
4520 2953 3699
4521 943 1838
4522 73 2593
4523 1075 815
4524 3437 3596
4525 447 573
4526 2323 4131
4527 3730 4094
4528 4395 45
4529 108 3129
4530 3201 4778
4531 3785 1283
4532 2216 1858
4533 4469 1822
4534 1869 4879
4535 1686 1621
4536 2929 4755
4537 3294 783
4538 2173 736
4539 3031 2055
4540 863 3964
4541 3330 1128
4542 1365 826
4543 2506 1487
4544 968 2318
4545 1958 3895
4546 4137 683
4547 4240 843
4548 1537 3234
4549 4332 2189
4550 2922 862
4551 2207 99
4552 819 1394
4553 956 1648
4554 2999 817
4555 3062 2809
4556 2930 2306
4557 2110 2457
4558 4279 1848
4559 4066 942
4560 3282 847
4561 1501 250
4562 278 3610
4563 347 4406
4564 3985 351
4565 2125 3789
4566 4747 3020
4567 2653 271
4568 279 3750
4569 3485 410
4570 4250 3570
4571 4734 925
4572 2388 3439
4573 3781 4904
4574 2472 4617
4575 1271 3463
4576 1519 4907
4577 2765 682
4578 1402 2613
4579 4280 3114
4580 2207 2722
4581 1053 3634
4582 4501 1251
4583 117 855
4584 2163 3967
4585 550 547
4586 1383 2262
4587 547 2379
4588 28 1712
4589 13 2008
4590 1158 2564
4591 1241 1692
4592 2288 1910
4593 4354 70
4594 1145 523
4595 3707 4263
4596 2031 794
4597 485 1483
4598 2533 188
4599 1774 391
4600 3684 843
4601 1041 4834
4602 550 1991
4603 4978 179
4604 523 167
4605 4775 2279
4606 504 1063
4607 846 2797
4608 717 2616
4609 1513 3516
4610 3693 4879
4611 4943 4091
4612 2232 2338
4613 4354 4134
4614 1531 459
4615 818 3750
4616 1843 535
4617 2778 3688
4618 3059 2560
4619 1647 3599
4620 4406 612
4621 2669 3529
4622 1847 271
4623 3711 4024
4624 4304 3502
4625 463 3720
4626 1742 3774
4627 2363 201
4628 4522 3317
4629 3404 2639
4630 2198 4147
4631 1600 2400
4632 359 3986
4633 2208 3603
4634 49 895
4635 1988 4312
4636 756 2288
4637 993 3231
4638 1485 667
4639 1530 2264
4640 780 1330
4641 3244 2442
4642 622 1913
4643 312 3105
4644 587 1597
4645 508 2867
4646 3586 2305
4647 1552 3185
4648 1394 243
4649 2898 1604
4650 3313 132
4651 791 833
4652 3131 623
4653 2404 950
4654 4766 3974
4655 862 1218
4656 990 3365
4657 2861 2023
4658 4550 739
4659 4753 3909
4660 4474 4076
4661 2895 1040
4662 4773 2680
4663 2672 3882
4664 2120 2729
4665 1698 2261
4666 194 3687
4667 179 2791
4668 1006 814
4669 1683 869
4670 4634 694
4671 2348 2887
4672 165 3289
4673 1766 294
4674 1261 1720
4675 2466 1641
4676 545 1655
4677 762 240
4678 3041 4031
4679 2435 3443
4680 954 2087
4681 1881 249
4682 1355 3174
4683 2368 311
4684 1402 4505
4685 4388 2928
4686 3841 2138
4687 3189 4117
4688 1358 251
4689 1423 50
4690 4041 2838
4691 172 1145
4692 3832 2967
4693 2825 1002
4694 2890 3909
4695 1435 3086
4696 3633 3044
4697 2146 2364
4698 4537 3411
4699 3117 2912
4700 2321 3096
4701 2370 247
4702 964 900
4703 4679 1484
4704 3417 4047
4705 4486 2889
4706 859 4294
4707 3013 3628
4708 4257 4198
4709 1229 2698
4710 385 2892
4711 2101 3964
4712 4527 2164
4713 1730 253
4714 4833 672
4715 3638 1557
4716 1513 821
4717 4754 3724
4718 3252 3642
4719 4390 3763
4720 4207 1319
4721 2481 4813
4722 4714 943
4723 3474 2561
4724 3233 1501
4725 4094 3338
4726 4109 1771
4727 304 111
4728 4628 474
4729 4169 3777
4730 977 581
4731 3443 1326
4732 971 3311
4733 2313 1177
4734 1832 4335
4735 1172 2357
4736 326 3407
4737 4882 4195
4738 1478 26
4739 2223 4351
4740 1055 402
4741 3254 911
4742 3017 1611
4743 4314 3595
4744 3453 2474
4745 139 1240
4746 3164 4430
4747 3531 4278
4748 3491 3541
4749 867 1711
4750 676 2920
4751 4882 2860
4752 4922 4275
4753 4899 2169
4754 883 2676
4755 1030 3089
4756 3000 1395
4757 2107 410
4758 1388 2125
4759 2438 6
4760 4092 543
4761 171 1613
4762 3691 2748
4763 2065 143
4764 3523 1746
4765 471 2677
4766 4045 4296
4767 4976 2060
4768 1950 3631
4769 1318 2388
4770 683 2624
4771 1967 4197
4772 4354 4765
4773 1963 3562
4774 3595 302
4775 3220 2698
4776 2195 32
4777 2915 2796
4778 2346 4579
4779 4091 54
4780 2200 1107
4781 3734 4427
4782 856 452
4783 4749 4217
4784 4275 2045
4785 2368 1982
4786 3046 4480
4787 435 4104
4788 3601 14
4789 3686 3564
4790 3635 4931
4791 2499 3660
4792 2506 3308
4793 929 4743
4794 3445 1522
4795 1691 2551
4796 4704 744
4797 1538 1788
4798 3242 433
4799 4138 3800
4800 1899 3494
4801 3497 3848
4802 3986 2984
4803 3315 1742
4804 3620 2280
4805 4221 603
4806 1530 681
4807 1634 1737
4808 2259 750
4809 4526 262
4810 1713 724
4811 1719 511
4812 2553 246
4813 3507 4471
4814 340 2874
4815 291 1591
4816 2499 73
4817 133 2990
4818 4047 1037
4819 2421 1483
4820 4244 4083
4821 2059 4281
4822 992 3134
4823 723 4035
4824 2800 3513
4825 3354 3402
4826 1847 3025
4827 1396 1423
4828 1104 2797
4829 3567 567
4830 740 1136
4831 3232 1468
4832 2118 834
4833 3848 766
4834 4736 3870
4835 3801 1322
4836 4592 1517
4837 1521 4002
4838 4006 3877
4839 2885 2524
4840 4520 1975
4841 2222 1399
4842 2945 3936
4843 2928 2655
4844 2199 4812
4845 294 4626
4846 5000 4794
4847 3954 1576
4848 2376 1322
4849 4421 2558
4850 3447 261
4851 4958 2833
4852 4952 1957
4853 383 183
4854 878 2020
4855 2585 2075
4856 674 695
4857 4705 2384
4858 4404 4800
4859 4181 812
4860 3436 4029
4861 1215 4956
4862 3859 4339
4863 3177 3743
4864 4987 3083
4865 3356 1222
4866 90 1867
4867 4139 596
4868 2299 4305
4869 623 3987
4870 1706 754
4871 3357 2861
4872 4595 2033
4873 179 3019
4874 529 2696
4875 2151 2732
4876 2695 936
4877 2349 930
4878 1437 2401
4879 936 1640
4880 4351 801
4881 4466 4575
4882 759 1829
4883 4200 275
4884 933 3357
4885 1024 4849
4886 1147 1882
4887 4076 876
4888 1263 2379
4889 588 4779
4890 1169 2416
4891 2855 4152
4892 352 4133
4893 4480 1473
4894 185 2720
4895 1769 2512
4896 2343 1522
4897 1869 4116
4898 1169 4006
4899 3725 4003
4900 633 3799
4901 597 926
4902 4197 2142
4903 4444 195
4904 165 4985
4905 376 4627
4906 1801 4061
4907 3209 1233
4908 3927 2054
4909 3689 393
4910 4399 2161
4911 4939 3192
4912 3880 4816
4913 3549 1664
4914 3053 4999
4915 2372 3871
4916 3918 4650
4917 4924 3112
4918 3207 2435
4919 4428 3838
4920 1637 1177
4921 3114 1248
4922 2518 3325
4923 3528 4628
4924 2240 4514
4925 3000 4328
4926 3344 2593
4927 408 4754
4928 3567 4421
4929 4342 2541
4930 400 82
4931 4321 2705
4932 480 3834
4933 4290 4857
4934 4652 812
4935 2284 4779
4936 2640 418
4937 2068 2734
4938 2270 1068
4939 4706 471
4940 3271 3483
4941 4876 1414
4942 1836 296
4943 1740 2809
4944 601 1986
4945 4166 1418
4946 979 3812
4947 3290 3889
4948 1120 3626
4949 2425 4557
4950 3550 3323
4951 3999 1046
4952 3255 4475
4953 2729 2817
4954 2832 519
4955 4368 671
4956 554 3686
4957 4878 693
4958 3742 2976
4959 561 2798
4960 3595 4158
4961 3825 987
4962 2245 423
4963 1091 3910
4964 1569 4321
4965 888 4417
4966 2511 3582
4967 3799 3282
4968 1360 2238
4969 1026 342
4970 4770 3775
4971 3119 4903
4972 1465 2685
4973 2677 738
4974 3773 2751
4975 2172 4824
4976 1860 1570
4977 4564 721
4978 2981 1626
4979 3435 958
4980 2289 672
4981 4073 4884
4982 1576 1284
4983 2228 4802
4984 2926 4598
4985 292 4848
4986 2536 4800
4987 695 3557
4988 2971 1385
4989 536 2354
4990 4168 1037
4991 3452 640
4992 3385 2720
4993 3427 1214
4994 2442 1578
4995 4333 1196
4996 4573 3594
4997 1893 1284
4998 2207 1334
4999 2057 3238
10000000
